Name                     Objtype  Agnclass  RA          DEC         Mean_Flux            Stddev              Sector  Camera  CCD  Chi2_Normalized     Chi2_reduced_Normalized  Chi2_Standardized   Chi2_reduced_Standardized  
PGC2566584               G        S2        17.2848801  57.491126   -253.1838881938326   1846.8830642449914  19      4       3    1134.9999999999998  1.0008818342151673       3974.1675838019173  3.5045569522062765         
PGC3136317               G        S2        17.0964952  58.2160423  15.876849558303897   2151.8056354362525  19      4       3    1132.0              1.0008841732979663       5448.823425136683   4.817704177839684          
UGC10889                 G        S2        17.5059512  59.6398916  348.39694950936666   2711.3732675946494  19      4       3    1121.0              1.0008928571428573       5243.944705667473   4.6820934872031            
PGC3137966               G        S2        16.8534978  62.5177513  682.412435283688     1946.0139798567275  19      4       3    1128.0              1.0008873114463177       5065.208321787496   4.494417321905498          
PGC2602568               G        S2        16.9779266  60.4690411  495.6624599281222    1788.1078064493065  19      4       3    1113.0              1.0008992805755397       3959.3606340282386  3.5605761097376245         
PGC2644384               G        S2        17.0057981  62.8358209  686.2867625112107    2020.6275355778416  19      4       3    1115.0              1.0008976660682227       4684.1721086149855  4.204822359618479          
PGC3137527               G        S2        17.0243035  60.9927778  -398.49996654240454  1861.9575727907547  19      4       3    1073.0              1.0009328358208955       4444.4610317863235  4.145952455024555          
PGC3136998               G        S2        17.025268   59.7093881  -922.012245962733    2095.364168824706   19      4       3    1127.0              1.0008880994671403       5386.856846146928   4.78406469462427           
PGC2591970               G        S2        17.0358219  59.5745135  -198.78676862401403  1857.4396180289325  19      4       3    1141.0              1.000877192982456        4348.266276155231   3.814268663294062          
PGC2596729               G        S2        17.0724808  59.9968563  -368.53852756756754  1678.1685200909508  19      4       3    1110.0              1.000901713255185        3989.193862483038   3.59710898330301           
PGC2659173               G        S2        17.0872366  63.6567959  199.21321772605188   2219.435620743665   19      4       3    1117.0              1.0008960573476702       5081.7719936080775  4.5535591340574175         
PGC2677795               G        S2        17.1211302  65.471965   685.941698829883     1907.792887629652   19      4       3    1111.0              1.000900900900901        4653.585693422159   4.192419543623567          
PGC2575530               G        S2        17.1658917  58.1801716  -97.27122966252222   2202.305896748024   19      4       3    1126.0000000000002  1.0008888888888892       5099.632888642115   4.533007012126324          
PGC3136130               G        S2        17.1670886  57.7743858  489.87569111697445   2055.1901534882786  19      4       3    1137.0              1.0008802816901408       5176.954175795865   4.5571779716512895         
PGC2576659               G        S2        17.1675739  58.2719625  762.8564652368186    2257.4110365604083  19      4       3    1119.0              1.0008944543828264       6620.472253303184   5.921710423348107          
PGC3139201               G        S2        17.176716   64.3340305  -277.4288791005291   1834.7727830794845  19      4       3    1133.9999999999995  1.0008826125330976       4405.931806242741   3.88873063216482           
PGC2661814               G        S2        17.1808844  63.8536769  -962.4316808435854   2031.309005206886   19      4       3    1138.0              1.0008795074758134       6398.803065228676   5.627795132127244          
PGC2642561               G        S2        17.1890322  62.7467226  487.85203897389744   1923.6605199927894  19      4       3    1111.0              1.000900900900901        4359.303397769265   3.927300358350689          
PGC2562939               G        S2        17.2105842  57.3224271  -1586.0548319531954  2720.8005005218206  19      4       3    1111.0              1.000900900900901        9346.746776338048   8.420492591295538          
PGC3139163               G        S2        17.2414326  64.2823531  269.06111273046537   1805.1538893992138  19      4       3    1139.0              1.0008787346221442       4530.501813775014   3.981108799450803          
PGC2546780               G        S2        17.2653225  56.7551388  127.98176352313166   2445.272260762263   19      4       3    1124.0              1.0008904719501335       5782.604673914551   5.149247260832191          
PGC2612892               G        S2        17.3102894  61.1544632  1041.598996511628    2919.3222211569914  19      4       3    1118.0000000000002  1.0008952551477173       11400.018028023562  10.20592482365583          
PGC2639903               G        S2        17.3168498  62.6103865  -5.48164096069873    2316.8380724997905  19      4       3    1145.0              1.0008741258741258       5723.572362216253   5.0031226942449765         
PGC3139447               G        S2        17.3329132  64.6817252  -2642.6205295154186  3376.2455733525235  19      4       3    1135.0              1.0008818342151675       21932.64783572581   19.3409592907635           
PGC2647147               G        S2        17.347926   62.9742427  635.459393250444     2248.452261106674   19      4       3    1125.9999999999998  1.0008888888888887       6042.9989801416705  5.3715546490148185         
PGC3140013               G        S2        17.3793619  65.6812931  -292.65796602282705  1618.6049963136275  19      4       3    1139.0              1.0008787346221442       3902.5818890010987  3.429333821617837          
PGC2586909               G        S2        17.3808328  59.1349776  1028.7323057218312   2515.3515460558606  19      4       3    1136.0              1.0008810572687226       6613.597957149376   5.826958552554516          
PGC2651330               G        S2        17.3821726  63.1944314  580.1595941018767    1986.2434894314144  19      4       3    1119.0              1.0008944543828264       4571.313742131009   4.08883161192398           
PGC3139346               G        S2        17.3850978  64.5163944  548.9800918604652    1683.5007023075416  19      4       3    1118.0              1.000895255147717        4215.022723961261   3.7735207913708697         
PGC3136476               G        S2        17.395601   58.5089653  -231.72950643171805  2193.3846265836128  19      4       3    1135.0              1.0008818342151675       5098.389931600868   4.495934683951383          
PGC3139318               G        S2        17.3978812  64.4719332  1593.9347958517212   2035.4450178853297  19      4       3    1133.0000000000002  1.0008833922261486       8908.968293284866   7.870113333290518          
PGC3136419               G        S2        17.3979011  58.3884292  913.8133761819804    2441.1732477611486  19      4       3    1121.0              1.0008928571428573       6875.459799201566   6.138803392144255          
PGC2507362               G        S2        17.4296941  55.5858797  1315.8895158632777   2464.085827063817   19      4       3    1141.0000000000002  1.0008771929824563       8927.857329867962   7.831453798129791          
PGC2633897               G        S2        17.4486651  62.2806425  -40.87026886543536   2120.1158414606543  19      4       3    1137.0              1.0008802816901408       5378.867013427452   4.734918145622757          
PGC2506355               G        S2        17.4634026  55.5578144  105.05153627622379   2049.3476100043995  19      4       3    1144.0              1.0008748906386702       4570.907109186037   3.9990438400577752         
PGC2571583               G        S2        17.4974664  57.8349103  256.56018105263155   1976.6822719410818  19      4       3    1140.0              1.0008779631255487       4553.252862960711   3.9975881149786754         
PGC060453                G        S2        17.5367198  59.9415319  238.7674974716652    2416.363393812287   19      4       3    1147.0              1.0008726003490402       4362.942532228513   3.8071051764646713         
PGC097545                G        S2        17.6337532  56.2238392  646.3660837719299    2383.291461879458   19      4       3    1140.0              1.0008779631255487       5224.2167120804825  4.586669633082074          
PGC2514311               G        S2        17.4041759  55.7861109  1122.4133346187555   2169.254676197224   19      4       3    1141.0              1.000877192982456        6200.4941141280015  5.439029924673686          
PGC2532265               G        S2        17.4862555  56.2991494  919.433279839429     1975.5428456192558  19      4       3    1121.0              1.0008928571428573       5376.781459174176   4.800697731405514          
PGC2533337               G        S2        17.3636222  56.3313851  983.2805882922534    2057.8474670631613  19      4       3    1136.0              1.0008810572687226       5871.078459264954   5.17275635177529           
PGC2543407               G        S2        17.2823326  56.6494414  285.88869114035094   1792.8427351272019  19      4       3    1140.0              1.0008779631255487       3941.6459334198407  3.4606197835117127         
PGC2560827               G        S2        17.2656055  57.237981   263.00424969325155   2055.538906466101   19      4       3    1141.0              1.000877192982456        4295.437865451751   3.767927952150659          
PGC2580033               G        S2        17.248479   58.5506337  -62.982821790235064  1654.3068964483641  19      4       3    1106.0              1.0009049773755656       3426.3603034273324  3.1007785551378575         
PGC2580511               G        S2        17.2036781  58.5945317  -503.00561373626374  2586.5933365638803  19      4       3    1092.0              1.000916590284143        6037.765573875333   5.534157262947143          
PGC2582037               G        S2        17.507955   58.7229376  261.07644836716685   1940.2023101714803  19      4       3    1133.0              1.0008833922261484       4574.15217000914    4.040770468205954          
PGC2585390               G        S2        17.1762071  59.0108466  -23.205880633802813  2050.149088522126   19      4       3    1136.0              1.0008810572687226       4684.717547271939   4.127504446935629          
PGC2586571               G        S2        17.2292585  59.1079581  332.3791094254937    2134.5377327056995  19      4       3    1114.0              1.0008984725965857       4746.189146671573   4.26432088649737           
PGC2588519               G        S2        17.1902028  59.2735816  356.86569145907475   1994.2825849811795  19      4       3    1124.0000000000005  1.000890471950134        4987.064984235588   4.440841481955109          
PGC2594060               G        S2        17.1982334  59.768198   74.70230928196146    1892.285997239169   19      4       3    1142.0              1.0008764241893076       4298.09780295369    3.7669568825185715         
PGC2600291               G        S2        17.1344333  60.2849457  -108.01068709386278  2038.2488320613372  19      4       3    1108.0              1.000903342366757        4963.191053566276   4.483460752995733          
PGC2603268               G        S2        17.2471734  60.5189268  1051.1364735632185   2071.5496756006482  19      4       3    1131.0              1.0008849557522124       5862.354272416749   5.187924134882079          
PGC2629563               G        S2        17.3190051  62.0498538  -222.99814972677598  2459.618933592018   19      4       3    1098.0              1.0009115770282588       6933.857742524249   6.320745435300136          
PGC2636237               G        S2        16.9694746  62.4156277  -1067.3409984962404  2152.068898245177   19      4       3    1064.0              1.0009407337723424       5531.314278758548   5.203494147468061          
PGC2640097               G        S2        16.9795894  62.619021   346.67138014184394   1969.047819671459   19      4       3    1127.9999999999998  1.0008873114463175       4266.032076355932   3.7852990917089016         
PGC2642465               G        S2        17.0747393  62.7410455  -6.845736698858641   2222.1450175944706  19      4       3    1139.0              1.0008787346221442       4947.069589634442   4.3471613265680515         
PGC2648277               G        S2        16.8937078  63.0313226  568.8945160971223    2192.8274860807987  19      4       3    1112.0              1.0009000900090008       4405.721337235276   3.9655457580875573         
PGC2656178               G        S2        16.8216571  63.4657939  94.92259105312209    1969.9851275417536  19      4       3    1072.9999999999995  1.000932835820895        4050.123725805492   3.778100490490198          
PGC2669339               G        S2        17.4370193  64.558141   -479.69395725593665  2037.3922120907366  19      4       3    1137.0000000000002  1.000880281690141        5261.1532276100115  4.631296855290503          
PGC2678729               G        S2        17.0953636  65.5779884  -5007.949060835509   4423.368274081946   19      4       3    1149.0              1.0008710801393728       44314.71034260129   38.601664061499385         
PGC3135441               G        S2        17.5028206  56.4226786  408.54275652557317   2066.5182403547697  19      4       3    1133.9999999999998  1.0008826125330978       4798.778275400596   4.2354618494268275         
PGC3135565               G        S2        17.2906128  56.6300301  -997.6716943950178   5875.006190654855   19      4       3    1124.0              1.0008904719501335       8431.152511228824   7.5077048185474835         
PGC3135624               G        S2        17.4011258  56.7155109  -1242.9547300884956  2144.2377130747604  19      4       3    1130.0              1.0008857395925599       6407.757112335999   5.675604173902568          
PGC3135640               G        S2        17.4767037  56.7425611  -2314.756402088773   3818.5435902582403  19      4       3    1149.0              1.0008710801393728       20068.72083541882   17.481464142350887         
PGC3135717               G        S2        17.2242637  56.8567814  754.1419060089686    1940.7961183568093  19      4       3    1115.0              1.0008976660682227       4916.498023745364   4.413373450399788          
PGC3135967               G        S2        17.3996065  57.3966323  -1163.911764059754   2164.1844277795294  19      4       3    1137.9999999999998  1.0008795074758134       6746.386235837415   5.933497129144604          
PGC3135979               G        S2        17.280426   57.4198976  792.389807530648     1993.5233667965808  19      4       3    1142.0              1.0008764241893076       5070.438289488819   4.443854767299578          
PGC3136019               G        S2        17.2562025  57.4723968  -2.178942643171807   2128.3627286640885  19      4       3    1134.9999999999998  1.0008818342151673       4011.483493136519   3.537463397827618          
PGC3136032               G        S2        17.252148   57.4975766  158.61753843416372   2274.0699115748653  19      4       3    1124.0              1.0008904719501335       6208.545993187246   5.528536058047414          
PGC3136484               G        S2        17.0965604  58.5241347  192.46198604240283   2799.6373810569135  19      4       3    1132.0              1.0008841732979663       7678.110022991158   6.788779861176974          
PGC3136612               G        S2        17.3413857  58.7971152  -22099.1992          52762.31858441689   19      4       3    1148.0000000000002  1.0008718395815173       541659.2060585566   472.2399355349229          
PGC3136618               G        S2        17.1468143  58.8210177  834.2575969911506    1990.5858525804138  19      4       3    1129.9999999999998  1.0008857395925597       5266.768825432862   4.664985673545494          
PGC3136684               G        S2        17.4264337  58.9868495  32.09841901408451    2108.193831058637   19      4       3    1136.0              1.0008810572687226       5002.411904625622   4.407411369714204          
PGC3136754               G        S2        17.3435058  59.1698002  -2081.129729126214   3297.5329818719847  19      4       3    1133.0              1.0008833922261484       17276.149815876008  15.261616445120149         
PGC3137002               G        S2        17.3874454  59.7228405  498.4401204044118    2328.9762699034673  19      4       3    1088.0              1.000919963201472        5269.769465854398   4.847993988826493          
PGC3137099               G        S2        17.6012755  59.9517465  471.08450255057164   1999.4546124445494  19      4       3    1137.0              1.0008802816901408       5056.027967384747   4.450728844528827          
PGC3137112               G        S2        17.4458889  60.0047392  -318.22795425246187  2338.8837716662574  19      4       3    1117.0              1.0008960573476702       6147.001717408255   5.508066055025318          
PGC3137130               G        S2        17.4455119  60.0440825  1099.8016424911661   2396.0976251485286  19      4       3    1132.0              1.0008841732979663       6813.995777819402   6.024753119203715          
PGC3137164               G        S2        17.2622256  60.143162   580.0260946798918    1902.1633403864282  19      4       3    1109.0              1.0009025270758123       4770.068427161856   4.305115908990844          
PGC3137183               G        S2        17.4015649  60.1734097  -447.1860079016681   2030.919162240238   19      4       3    1139.0000000000002  1.0008787346221444       5236.851734369624   4.6018029300260315         
PGC3137340               G        S2        17.3379624  60.5092271  -231.23898695652173  1889.6358354127497  19      4       3    1127.0              1.0008880994671403       4169.460972567202   3.702896067999291          
PGC3137399               G        S2        17.0753947  60.6440174  -341.9165223028105   1806.678991398048   19      4       3    1103.0              1.0009074410163339       4060.4108463871657  3.6845833451789165         
PGC3137603               G        S2        17.4368055  61.2229282  -613.0374447391689   1827.2309843833382  19      4       3    1131.0              1.0008849557522124       4816.387072901689   4.2622894450457425         
PGC3137632               G        S2        16.9432396  61.3436274  513.2149448672567    2006.5399087819476  19      4       3    1130.0              1.0008857395925599       4347.624789219561   3.8508634094061653         
PGC3137651               G        S2        16.9540816  61.4413209  -850.7627918799649   3019.7116818372047  19      4       3    1133.0000000000005  1.0008833922261489       10167.57847428832   8.981959782940212          
PGC3137681               G        S2        17.2615524  61.5926803  3193.678218872987    4179.523402224051   19      4       3    1117.9999999999998  1.0008952551477168       20513.618956542792  18.36492296915201          
PGC3137700               G        S2        17.402261   61.6917267  656.8893386156649    2387.7642166906066  19      4       3    1097.9999999999998  1.0009115770282586       6154.5488630329055  5.610345362837653          
PGC3137771               G        S2        17.3353906  61.9868159  966.0329610961368    2580.947077208772   19      4       3    1113.0              1.0008992805755397       6112.385648406385   5.496749683818692          
PGC3137785               G        S2        17.0740764  62.0412447  993.6917305357143    1886.34410427012    19      4       3    1120.0              1.000893655049151        5318.146344197622   4.752588332616284          
PGC3137947               G        S2        16.9517709  62.4874736  -175.1683972945892   3869.7081587548646  19      4       3    998.0000000000002   1.0010030090270814       18673.215929845774  18.729404142272593         
PGC3137995               G        S2        17.3621831  62.5793607  -294.89122770448546  2351.735309324821   19      4       3    1137.0              1.0008802816901408       6762.68558501834    5.953068296671074          
PGC3138088               G        S2        16.9503369  62.8405921  -2684.2102027805354  8900.978502146705   19      4       3    1007.0000000000001  1.0009940357852884       91952.05210520532   91.40363032326573          
PGC3138144               G        S2        17.0468742  62.9343832  -118.91156648550727  1835.7781629498295  19      4       3    1104.0              1.0009066183136899       4209.631121280243   3.8165286684317707         
PGC3138317               G        S2        17.1347894  63.229358   194.41374267968055   2099.8232612456445  19      4       3    1127.0000000000002  1.0008880994671405       4833.3324698354845  4.2924799909728995         
PGC3138820               G        S2        17.2203241  63.936095   491.3462730803177    1969.0264018389173  19      4       3    1133.0              1.0008833922261484       4732.921257964825   4.181025846258679          
PGC3139048               G        S2        16.8821188  64.1576062  -30.679556458897924  2034.4221395225495  19      4       3    1107.0              1.0009041591320071       4393.756087113143   3.972654689975717          
PGC3139171               G        S2        17.3040177  64.2932732  431.67504907651715   1839.4826457025924  19      4       3    1137.0              1.0008802816901408       4948.092171190553   4.355714939428304          
PGC3139537               G        S2        17.3263722  64.8121075  1013.2349988596492   1812.028624339289   19      4       3    1140.0              1.0008779631255487       5353.6966857364605  4.700348275449043          
PGC3139985               G        S2        17.2517502  65.6298878  430.4126892952721    2344.8540337513095  19      4       3    1121.0              1.0008928571428573       5602.303389566544   5.002056597827272          
PGC3140009               G        S2        17.3454526  65.6752186  -16450.787136339753  13803.493821501559  19      4       3    1141.9999999999998  1.0008764241893073       311759.9563506807   273.2339670032258          
SDSSJ171747.51+643141.0  G        S2        17.2965315  64.5280513  -109.93366440382961  15823.795304525776  19      4       3    1149.0              1.0008710801393728       190944.5984425483   166.32804742382257         
SDSSJ170000.78+612225.2  G        S2        17.0002151  61.3736923  109.04059433453236   1865.9384507665025  19      4       3    1111.9999999999998  1.0009000900090006       3930.7514305582554  3.538030090511481          
SDSSJ172630.22+615344.1  G        S2        17.441732   61.8955869  2363.5570621100915   3318.798981843896   19      4       3    1090.0              1.0009182736455464       10797.621786399322  9.915171521027844          
2MASXJ17160586+6344410   G        S2        17.2682804  63.7448534  946.3445870456665    1743.2307840404178  19      4       3    1073.0              1.0009328358208955       4828.640656049485   4.504328970195416          
SDSSJ172436.53+633724.6  G        S2        17.4101444  63.623455   -1040.500037246249   2457.0047357449735  19      4       3    1133.0              1.0008833922261484       6168.935019375272   5.4495892397308054         
SDSSJ172040.35+611443.7  G        S2        17.344541   61.2454835  -101.4787350845948   1740.4831261208726  19      4       3    1123.0              1.000891265597148        3920.865481452147   3.4945325146632324         
2MASXJ17043832+5946593   G        S2        17.0772847  59.7832669  -580.3546254884548   2233.1036664605303  19      4       3    1125.9999999999998  1.0008888888888887       4382.408547254002   3.8954742642257796         
SDSSJ172908.33+571901.0  G        S2        17.485653   57.3169265  8859.019794768963    4944.510871807838   19      4       3    1147.0              1.0008726003490402       79605.0161943053    69.46336491649677          
SDSSJ173707.88+574832.5  G        S2        17.6188555  57.809047   -424.8546469244288   2710.6109121193044  19      4       3    1138.0              1.0008795074758134       7027.825822266211   6.1810253493986025         
2MASXJ17335884+5830269   G        S2        17.5663655  58.507273   1630.6444894222223   2667.744253949319   19      4       3    1125.0              1.0008896797153024       7034.657554587473   6.258592130415901          
SDSSJ172603.07+602115.6  Q        S2        17.4341979  60.354408   -448.0126351935193   2152.3746155497784  19      4       3    1111.0              1.000900900900901        5771.430903454411   5.19948730040938           
SDSSJ172419.94+551058.7  G        S2        17.405543   55.1829797  -783.3695617515639   2051.4158143299665  19      4       3    1119.0              1.0008944543828264       5450.274548288652   4.875021957324376          
PGC059581                G        S2        17.0894692  60.7021877  -854.1621239247312   1962.6938202695346  19      4       3    1116.0              1.0008968609865472       5544.201730499408   4.972378233631756          
PGC059755                G        S2        17.1812619  63.6548056  -274.5443597892889   1840.209923249675   19      4       3    1139.0              1.0008787346221442       4218.171636322507   3.7066534589828706         
PGC059909                G        S2        17.2463905  57.8547562  -18.955682174688082  1902.9736925568411  19      4       3    1122.0              1.0008920606601248       3920.3164163220704  3.4971600502427034         
PGC059917                G        S2        17.2461005  63.0102877  121.0592378026071    2009.9590645514597  19      4       3    1074.0              1.0009319664492078       3272.4301157700347  3.0497950752749623         
PGC060005                G        S2        17.2877149  64.261175   -351.54745327510915  1779.3866601567304  19      4       3    1145.0              1.0008741258741258       3924.4570248765003  3.4304694273395984         
PGC060399                G        S2        17.4990676  58.3974451  -128.87008500000002  2506.5582141264117  19      4       3    1120.0000000000002  1.0008936550491512       3562.818934386254   3.1839311299251603         
PGC2816183               G        S1.8      17.0364317  60.9799861  -853.661491149635    2125.58583849324    19      4       3    1096.0              1.0009132420091325       6360.96270585268    5.809098361509297          
SDSSJ165641.98+632307.7  G        S1.8      16.944993   63.3855155  250.70824944723617   4683.35585327579    19      4       3    995.0               1.0010060362173039       24960.719538774312  25.111387865970134         
