Name                     Objtype  Agnclass  RA         DEC          Mean_Flux            Stddev              Sector  Camera  CCD  Chi2_Normalized    Chi2_reduced_Normalized  Chi2_Standardized   Chi2_reduced_Standardized  
PGC999121                G        S2        2.876262   -8.7938618   7.695579166666664    1171.984225296711   04      1       1    912.0000000000002  1.0010976948408346       2124.2132354216346  2.3317379093541546         
PGC1013796               G        S2        2.6678535  -7.7394251   21.139309307359305   1535.4770073149252  04      1       1    924.0000000000001  1.001083423618635        2604.1615568362913  2.8214101374174336         
NGC0835                  G        S2        2.1568434  -10.1360253  -679.7726993562231   4598.621040615829   04      1       1    932.0              1.0010741138560688       4443.228110095752   4.772532878727983          
PGC3102435               G        S2        2.5799285  -8.784702    504.5304673866091    2132.288917940237   04      1       1    926.0              1.001081081081081        3125.405499852719   3.378816756597534          
PGC3101478               G        S2        2.6190771  -9.4003817   26366.46355955176    21393.755424484087  04      1       1    937.0000000000001  1.0010683760683763       489456.84169381857  522.9239761686096          
PGC3103581               G        S2        2.6669602  -7.7407681   -704.7580111231101   1330.100632188723   04      1       1    926.0000000000002  1.0010810810810813       2921.643692627202   3.1585337217591376         
PGC994862                G        S2        2.7446248  -9.1264831   576.8469379978471    1954.4719644596319  04      1       1    929.0000000000001  1.0010775862068966       4004.9236809756044  4.315650518292677          
PGC1026552               G        S2        2.7601765  -6.9499244   -173.30092019758507  1173.7828132230634  04      1       1    911.0              1.001098901098901        2101.559375619494   2.309405907274169          
PGC1022476               G        S2        2.7806355  -7.225053    137.9652934994583    1476.863873713056   04      1       1    923.0              1.0010845986984815       2660.1652699176475  2.885211789498533          
PGC996191                G        S2        2.7729858  -9.0250733   587.200087704026     1577.4713270063933  04      1       1    918.9999999999998  1.0010893246187362       3009.7825016530815  3.2786301760926815         
PGC996204                G        S2        2.7165594  -9.024777    303.49416280814575   1685.6034636263298  04      1       1    933.0              1.0010729613733906       2852.556935804363   3.0606834075154112         
PGC996706                G        S2        2.8205202  -8.9853726   60.09289847826089    1576.4923418092621  04      1       1    919.9999999999999  1.001088139281828        2695.2480394428694  2.9328052659878883         
PGC1001111               G        S2        2.7577727  -8.6403058   50.44266461704421    1427.7442677174943  04      1       1    927.0              1.0010799136069115       2621.9320321861937  2.8314600779548527         
PGC1004226               G        S2        2.7513994  -8.398313    225.06455650273222   1375.376759812319   04      1       1    915.0              1.00109409190372         2490.9284708180376  2.7253046726674373         
PGC1024915               G        S2        2.7924746  -7.0667006   -274.0352881188119   1248.397940754844   04      1       1    909.0              1.001101321585903        2329.125164894338   2.565115820368214          
PGC3101879               G        S2        2.557608   -9.1185689   -519.5524601952278   2009.9454514144827  04      1       1    922.0              1.001085776330076        2988.510346905649   3.2448537968573823         
PGC3101915               G        S2        2.5896414  -9.0944679   466.12377714907507   2047.3253446771364  04      1       1    919.0              1.0010893246187365       3098.068613143988   3.3748024108322308         
PGC3102488               G        S2        2.7832611  -8.756539    392.860952972973     1391.5008753655425  04      1       1    925.0              1.001082251082251        2951.850796250555   3.194643718885882          
PGC3102958               G        S2        2.7696926  -8.3892077   -330.54589638554216  1266.0672312576091  04      1       1    913.0000000000001  1.0010964912280702       2368.7314543091907  2.5972932613039372         
PGC3103535               G        S2        2.8608579  -7.7978136   13.279478970427167   1376.522190604806   04      1       1    913.0              1.0010964912280702       2809.039990672545   3.080087709070773          
PGC3103624               G        S2        2.546782   -7.6934932   9644.585193796793    8786.079859390446   04      1       1    934.9999999999998  1.001070663811563        101154.65335792689  108.30262672154913         
PGC3103960               G        S2        2.8299617  -7.3677644   1943.1854241865508   2460.5754543865755  04      1       1    922.0000000000001  1.0010857763300762       15838.150424028816  17.19668884259372          
PGC3104106               G        S2        2.7407446  -7.2210189   -30.14670650759217   1349.0827275107265  04      1       1    922.0000000000002  1.0010857763300762       2416.4139341570167  2.623685053373525          
2MASXJ02312960-0751579   G        S2        2.5248998  -7.8662471   -819.6518129912663   2202.6362216129874  04      1       1    916.0              1.0010928961748633       3529.048315549892   3.8568834049725593         
SDSSJ023411.77-074538.4  G        S2        2.5699336  -7.7607103   -126.75738389553864  2047.8506279205612  04      1       1    919.0              1.0010893246187365       2768.5234222574563  3.015820721413351          
SDSSJ024655.62-071320.4  G        S2        2.7821183  -7.2223625   525.4809834594595    1609.3621791124408  04      1       1    925.0              1.001082251082251        3652.80229051277    3.9532492321566775         
SDSSJ024940.18-082804.6  G        S2        2.8278308  -8.4679521   145.5735645514223    1143.5146909636962  04      1       1    914.0000000000001  1.0010952902519168       2031.6962138743656  2.225297057912777          
SDSSJ021047.00-100152.9  G        S2        2.1797278  -10.0313541  -639.0257429501086   2176.401188438916   04      1       1    922.0              1.001085776330076        3647.0033617177533  3.9598299258607526         
3C062                    G        S2        2.2603861  -12.9916111  -1878.4689956149732  3014.2729607597335  04      1       1    934.9999999999999  1.001070663811563        8433.58640942342    9.02953577026062           
NGC1048A                 G        S2        2.6765848  -8.547273    771.2021201525055    2975.6485530479035  04      1       1    918.0              1.0010905125408942       4209.62668652624    4.590650694139847          
NGC1071                  G        S2        2.7188491  -8.77387     -770.5839680434783   1780.3485623458503  04      1       1    920.0              1.001088139281828        3371.5720471847     3.6687399860551686         
PGC010875                G        S2        2.8731625  -8.5104302   -1137.5146275268817  2901.105037096553   04      1       1    930.0              1.0010764262648009       12153.480580922529  13.082325706052238         
PGC011091                G        S2        2.9360722  -13.68775    -3297.795130652174   3643.74931961362    04      1       1    920.0000000000001  1.0010881392818283       12830.61154262461   13.96149242940654          
NGC0985                  G        S1.5      2.5771823  -8.7878045   -6374.2193257543095  9934.86908862289    04      1       1    927.9999999999999  1.001078748651564        57726.88548309331   62.27279987388707          
PGC176451                G        S2        3.6102741  -6.7582815   -7608.74199113248    13216.236513098502  04      1       2    935.9999999999998  1.0010695187165772       172940.84998404692  184.96347591876676         
PGC1013591               G        S2        3.3352314  -7.7519061   -558.1880409534128   2052.1171596687814  04      1       2    922.9999999999999  1.0010845986984815       3059.551514707169   3.3183855907886866         
PGC1023346               G        S2        3.4779828  -7.17394     -153.03797986942328  1975.857718949512   04      1       2    919.0              1.0010893246187365       2956.2459239644577  3.2203114640135704         
PGC3080455               G        S2        3.3915636  -6.495602    -2237.4036438177873  3825.1422644892236  04      1       2    922.0              1.001085776330076        12324.348990508464  13.381486417490189         
PGC3095634               G        S2        3.2915609  -1.1797119   -599.7795268898489   1841.5366766605332  04      1       2    926.0              1.001081081081081        2707.098566609602   2.9265930449833535         
PGC3104044               G        S2        3.2215521  -7.2938465   -276.81763539630833  2146.675798471182   04      1       2    921.0              1.001086956521739        2982.7028366224426  3.2420683006765683         
PGC3105438               G        S2        3.5179326  -5.5043096   -107.61529790979097  2100.373069453204   04      1       2    909.0000000000001  1.0011013215859033       3409.7066494357364  3.755183534620855          
PGC3107105               G        S2        3.5092972  -1.1692217   852.3981504875405    2034.3914288141182  04      1       2    922.9999999999999  1.0010845986984815       3301.9818340170586  3.5813251995846622         
PGC3108180               G        S2        3.2980316  -0.9048442   111.39788215053763   2085.5134240767225  04      1       2    930.0              1.0010764262648009       2831.4222230022287  3.04781724758044           
2MASXJ03300369-0048063   G        S2        3.5010302  -0.8018128   -224.01097258938245  2290.593550308892   04      1       2    923.0              1.0010845986984815       3307.540996897813   3.5873546604097752         
PGC013034                G        S2        3.51135    -3.1376667   1426.0056160694896   3106.8967862647105  04      1       2    921.0000000000001  1.0010869565217393       4961.152853334286   5.392557449276398          
NGC1241                  G        S2        3.1873962  -8.9220781   -3708.568936153846   6202.996239036101   04      1       2    910.0              1.001100110011001        11653.80185222701   12.820464083858097         
PGC1029077               G        S2        2.9833744  -6.7604823   -20174.979492057762  6651.2146588014475  04      1       2    830.9999999999998  1.0012048192771081       78405.90169767926   94.46494180443284          
PGC1002506               G        S2        3.0103333  -8.533989    402.01797413043477   2284.0053346625673  04      1       2    920.0              1.001088139281828        3801.758686960837   4.136842967313207          
PGC3104728               G        S2        3.0967437  -6.5302723   752.4573519565218    2380.405263279149   04      1       2    920.0              1.001088139281828        4503.403842037438   4.900330622456407          
PGC1001166               G        S2        3.1087941  -8.6352324   1261.3485957330415   2609.731575685324   04      1       2    914.0              1.0010952902519168       5896.469610807101   6.458345685440418          
PGC1003901               G        S2        3.1835503  -8.4245446   1159.7248571428572   3438.008325402663   04      1       2    924.0              1.0010834236186348       6958.564450807905   7.53907307779838           
PGC1004463               G        S2        3.2659325  -8.3801597   5820.794304709749    3757.4016339071877  04      1       2    913.0              1.0010964912280702       29980.74251303294   32.873621176571206         
PGC1140058               G        S2        3.3905152  -0.571961    -674.6870330043859   2238.7368697631014  04      1       2    912.0              1.0010976948408343       3928.0994737002134  4.311854526564449          
PGC3104632               G        S2        3.4243033  -6.6439369   -159.23164749455336  2013.1467004419487  04      1       2    917.9999999999999  1.0010905125408942       2897.694712250492   3.1599724233920305         
PGC1149695               G        S2        3.4282487  -0.1881097   660.9858150219299    2031.4044277427847  04      1       2    912.0              1.0010976948408343       3186.4429614298215  3.497741999374118          
PGC1149649               G        S2        3.4699112  -0.1894041   -719.0977085037675   2098.7359606880495  04      1       2    929.0000000000001  1.0010775862068966       3429.556153950266   3.6956424072739935         
PGC1161624               G        S2        3.5070275  0.273814     267.820172815534     2626.837959132025   04      1       2    927.0              1.0010799136069115       3758.906286684174   4.0592940460952205         
PGC1157370               G        S2        3.5480787  0.1115297    1025.075005353319    2012.7612714627892  04      1       2    934.0000000000002  1.0010718113612007       3874.88722947693    4.153148155923827          
PGC1168878               G        S2        3.5525221  0.5474706    692.6444975027146    2239.8869658514354  04      1       2    921.0              1.001086956521739        3519.778528155274   3.8258462262557327         
PGC1147868               G        S2        3.5655415  -0.2584069   1489.5688542918458   3537.061274850498   04      1       2    932.0              1.0010741138560688       8117.745780275229   8.719383222637195          
PGC1014039               G        S2        3.5766694  -7.7240541   -366.52868002148233  1957.6424009702318  04      1       2    930.9999999999999  1.0010752688172042       3189.6159037402217  3.4296945201507762         
PGC1015939               G        S2        3.5939359  -7.6164059   651.0917505920345    1940.2977943357853  04      1       2    929.0              1.0010775862068966       3581.4645767787542  3.8593368284253815         
PGC1029775               G        S2        3.620123   -6.7044216   -489.6132530678148   1907.0797566821993  04      1       2    929.0000000000001  1.0010775862068966       3417.2511517935927  3.68238270667413           
PGC089954                G        S2        3.6203646  -7.288325    -8.025348692810498   1993.7129758570568  04      1       2    918.0              1.0010905125408942       3227.281679781553   3.5193911447999486         
PGC1039745               G        S2        3.6317852  -5.8449705   -374.1985082073434   2147.2795769329105  04      1       2    926.0000000000002  1.0010810810810813       3652.7005993078433  3.948865512765236          
PGC3104716               G        S2        3.6655509  -6.5413497   541.0824755434783    1962.1138957281648  04      1       2    920.0000000000001  1.0010881392818283       3399.0412445518978  3.6986302987507047         
PGC3103725               G        S2        3.7250687  -7.5853788   -1138.619466190999   2191.515128466915   04      1       2    910.9999999999999  1.0010989010989009       3843.60526882611    4.223742053655066          
PGC999248                G        S2        3.0866381  -8.7832096   -94.71053093681915   2221.0935947123953  04      1       2    918.0              1.0010905125408942       3292.8603447813866  3.5909055013973683         
PGC1004754               G        S2        3.0225383  -8.355992    61.8629493989071     2282.221529847222   04      1       2    915.0              1.00109409190372         3558.9577647387214  3.8938268760817523         
PGC1007099               G        S2        3.1322983  -8.1822679   -640.029784262295    2347.533992758952   04      1       2    915.0000000000001  1.0010940919037201       4329.0844261950015  4.736416221219914          
PGC1008738               G        S2        3.1559856  -8.0731239   -1012.4989584415586  2116.6666834908883  04      1       2    924.0              1.0010834236186348       3667.7832673602325  3.9737630198919094         
PGC1016289               G        S2        3.1925463  -7.5960992   -963.1827567982456   2066.11688286067    04      1       2    912.0              1.0010976948408343       3610.574196519333   3.963308667968532          
PGC1017558               G        S2        3.6734223  -7.5238691   224.56485153172866   2109.47217171881    04      1       2    914.0              1.0010952902519168       3942.66695156911    4.318364678608007          
PGC1020891               G        S2        3.6930308  -7.323754    -771.213241118421    3308.144996086738   04      1       2    912.0              1.0010976948408343       7545.9042880199995  8.283100206388584          
PGC1020921               G        S2        3.0569799  -7.3219321   -7612.771863820703   26892.14765027413   04      1       2    936.9999999999999  1.0010683760683758       384484.6465732937   410.77419505693774         
PGC1021644               G        S2        2.9471213  -7.278919    2317.254041227126    2465.5615333960313  04      1       2    929.0              1.0010775862068966       8114.302978758191   8.74386096848943           
PGC1021728               G        S2        3.0974522  -7.2734754   110.02110054347828   2338.2409053435154  04      1       2    920.0000000000002  1.0010881392818283       3605.2680836377112  3.9230338233272155         
PGC1024043               G        S2        3.2023537  -7.1278503   493.015025161987     2001.1458793694915  04      1       2    926.0              1.001081081081081        2893.7803884255873  3.1284112307303644         
PGC1027155               G        S2        3.4075565  -6.9033472   -1443.0021698569856  2056.4066293494075  04      1       2    909.0              1.001101321585903        4232.443382264222   4.661281258000245          
PGC1029325               G        S2        3.5537333  -6.7420441   -238.32220840517246  1938.261305445477   04      1       2    928.0              1.0010787486515642       3131.457367510415   3.3780554126325946         
PGC1032962               G        S2        3.5205814  -6.4295181   -1924.24783318872    4013.0007371866577  04      1       2    922.0              1.001085776330076        9466.910732128836   10.278947591887986         
PGC1033809               G        S2        3.5613085  -6.3565101   -29.74684919268027   2294.7252704288494  04      1       2    929.0              1.0010775862068966       3686.963873363289   3.9730214152621652         
PGC1034524               G        S2        3.5447212  -6.2963525   379.5979544276458    1829.5824131014397  04      1       2    926.0              1.001081081081081        3047.377624656749   3.2944622969262154         
PGC1138991               G        S2        3.4781187  -0.6139536   301.98451083423623   2106.8718059949206  04      1       2    923.0000000000002  1.0010845986984818       3279.133803452859   3.5565442553718642         
PGC1143716               G        S2        3.410593   -0.4220142   1383.2620279697624   2471.033873892984   04      1       2    926.0000000000002  1.0010810810810813       4505.684754982127   4.871010545926624          
PGC3103691               G        S2        2.9980777  -7.6221133   77.19951870270265    2229.678948781187   04      1       2    925.0              1.001082251082251        3433.6970330526565  3.7161223301435675         
PGC3103748               G        S2        3.4350127  -7.562933    -393.2295653465347   1866.379762032922   04      1       2    909.0              1.001101321585903        2762.0561972413334  3.0419121114992658         
PGC3103915               G        S2        2.9868538  -7.4138928   -87.77827062023941   2264.2322465853863  04      1       2    919.0              1.0010893246187365       3382.7476723346163  3.684910318447294          
PGC3104250               G        S2        3.3922348  -7.0597692   -599.5902073626373   2088.102994356226   04      1       2    910.0              1.001100110011001        3033.470248347583   3.3371509882811696         
PGC3104347               G        S2        3.6274577  -6.9587308   694.4295045064378    6122.196837714737   04      1       2    932.0              1.0010741138560688       31740.604337575794  34.09302291898582          
PGC3104352               G        S2        3.5659356  -6.9498004   -755.0922248112189   2045.3647510257779  04      1       2    927.0000000000001  1.0010799136069115       3713.3794458416805  4.0101289911897195         
PGC3104447               G        S2        3.1943536  -6.8437929   5148.41619423913     4934.787486140894   04      1       2    920.0              1.001088139281828        36277.46891946296   39.4749389765647           
PGC3104580               G        S2        3.4409843  -6.7009391   -2431.5867676025923  20996.598320795514  04      1       2    926.0000000000001  1.0010810810810813       245976.01633106513  265.9200176552055          
PGC3104919               G        S2        3.1508842  -6.2952275   -286.4906682062299   2320.64216826525    04      1       2    930.9999999999999  1.0010752688172042       3070.831320771154   3.30196916211952           
PGC3105140               G        S2        3.2631088  -5.9793421   1479.3942683870969   4956.785960522772   04      1       2    930.0              1.0010764262648009       14442.634170120622  15.546430753628226         
PGC3105257               G        S2        3.5619817  -5.8087552   -335.0231003222341   1971.8274806075706  04      1       2    931.0              1.0010752688172042       3214.0433746025956  3.4559606178522535         
PGC3105256               G        S2        3.656428   -5.8115527   291.1300250272035    1929.8253967607823  04      1       2    919.0              1.0010893246187365       3319.1995833121564  3.6156858206014775         
PGC3105277               G        S2        3.5178153  -5.7757302   49.7790630785791     2069.774874672348   04      1       2    929.0              1.0010775862068966       3477.5505148318834  3.7473604685688398         
PGC3105328               G        S2        3.5652356  -5.6850961   708.8050274106175    1870.0405078549757  04      1       2    923.0000000000001  1.0010845986984818       3652.021289917705   3.960977537871697          
PGC3106944               G        S2        3.4421572  -1.2179658   -1269.1952908992414  2441.248955969253   04      1       2    923.0000000000001  1.0010845986984818       5141.874358773343   5.576870237281283          
PGC3112087               G        S2        3.424562   -0.1627897   950.4378310010763    2222.1016882874637  04      1       2    929.0              1.0010775862068966       3736.0289460863833  4.025893260868948          
PGC3113266               G        S2        3.5448463  0.082031     -209.01223662728248  2067.0930216439992  04      1       2    931.0              1.0010752688172042       3128.6575331327344  3.3641478850889617         
SDSSJ032834.22-011257.5  G        S2        3.4761746  -1.2159781   -351.7080221739131   2110.6786554676914  04      1       2    919.9999999999998  1.0010881392818278       3170.0603721111743  3.44946721666069           
SDSSJ033139.65-011135.4  G        S2        3.5276825  -1.1931678   -595.1229676180022   2063.0222568915656  04      1       2    911.0              1.001098901098901        3350.2160285970194  3.68155607538134           
SDSSJ032952.39-005407.9  G        S2        3.4978839  -0.902204    -1452.6167614549402  3119.432403376637   04      1       2    920.9999999999999  1.001086956521739        5245.841793635777   5.702001949604106          
2MASXJ03161903-0747016   G        S2        3.2719491  -7.7837892   766.9937405639912    2211.433026798527   04      1       2    922.0000000000001  1.0010857763300762       3847.1544646443135  4.177149255857018          
2MASXJ03134812-0653323   G        S2        3.2300399  -6.8923623   -6178.414438633939   10688.34211187134   04      1       2    936.9999999999999  1.0010683760683758       40064.313350982215  42.8037535801092           
SDSSJ031428.26-072517.8  G        S2        3.2411861  -7.4215669   709.1058497285559    2053.7091876439604  04      1       2    921.0              1.001086956521739        2952.1555381764983  3.2088647154092373         
SDSSJ032021.94-075020.0  G        S2        3.3394298  -7.8388911   929.9410308452251    1958.96475999911    04      1       2    910.9999999999999  1.0010989010989009       3422.2862622431157  3.7607541343330944         
2MASXJ03225887-0639032   G        S2        3.3830249  -6.6509592   -310.99496480263156  2478.699647025794   04      1       2    912.0              1.0010976948408343       4186.977156523143   4.596023223406304          
SDSSJ032435.70-065522.6  G        S2        3.4099162  -6.9229132   1850.0030848418758   2268.6757982764234  04      1       2    917.0              1.0010917030567685       5944.654381678951   6.489797359911519          
SDSSJ032505.74-060858.0  G        S2        3.4182654  -6.149438    -363.9002392349727   2052.6004428749447  04      1       2    915.0              1.00109409190372         2926.8850766088335  3.2022812654363606         
2MASXJ03283612-0539393   G        S2        3.4767072  -5.6607978   -820.7433365720524   1898.2997806442033  04      1       2    916.0              1.0010928961748633       3298.850336920491   3.605300914667203          
SDSSJ034205.65-065437.8  G        S2        3.7015679  -6.9105551   -514.5748568455641   1913.7697496881124  04      1       2    913.0              1.0010964912280702       3351.031060599416   3.674376162937956          
SDSSJ033248.50-001012.3  G        S2        3.5468065  -0.1700885   277.4687608034745    2179.17362758969    04      1       2    921.0000000000001  1.0010869565217393       3196.6928425437536  3.474666133199732          
SDSSJ031547.01-075938.1  G        S2        3.2630621  -7.9938924   261.6778075          2087.5481465519933  04      1       2    919.9999999999998  1.0010881392818278       3232.0170082315994  3.516884666193253          
SDSSJ032229.72-010022.4  G        S2        3.3749276  -1.0061949   524.9189177297297    1840.7196317504504  04      1       2    924.9999999999999  1.001082251082251        2735.093564083448   2.9600579697872815         
SDSSJ025725.99-063205.4  G        S2        2.9572162  -6.5348763   -986.7856644951141   2539.0562426843803  04      1       2    921.0000000000001  1.0010869565217393       5011.550571049824   5.447337577228069          
PGC011573                G        S2        3.072477   -6.9963217   1102.2746153172866   3020.301303783454   04      1       2    913.9999999999999  1.0010952902519166       6251.175439423943   6.846851521822501          
NGC1204                  G        S2        3.0777611  -12.3413194  1149.874404273504    16273.518734693344  04      1       2    935.9999999999999  1.0010695187165775       52243.03321951846   55.87490183905717          
NGC1320                  G        S2        3.4135278  -3.0422778   -2832.765470032931   4720.931397141818   04      1       2    911.0000000000001  1.0010989010989013       9679.60771418218    10.636931554046352         
PGC012801                G        S1.8      3.4237111  -6.143877    -2157.829737171053   4340.192056149796   04      1       2    912.0              1.0010976948408343       10350.112443342226  11.361265031111115         
PGC1171486               G        S2        2.9568805  0.6428726    7860.089236802574    7438.187898806688   04      1       3    932.0000000000002  1.001074113856069        97221.22963401001   104.42666985393127         
PGC3115740               G        S2        2.7535794  0.5776644    -448.4492070194384   1323.7506276113356  04      1       3    926.0              1.001081081081081        2239.5521929847446  2.4211375059294538         
PGC3116833               G        S2        3.0733081  0.8305       -921.5190324324324   1631.6426200586354  04      1       3    925.0              1.001082251082251        2757.152558159917   2.98393133999991           
SDSSJ024607.92-000531.9  G        S2        2.7688657  -0.0922366   -351.90970614709113  879.5746565490111   04      1       3    911.0              1.001098901098901        3420.613290603669   3.758915703960076          
NGC1142                  G        S2        2.9200628  -0.1835762   -6780.492573814655   3982.9114679332847  04      1       3    927.9999999999999  1.001078748651564        69379.12843578272   74.84264124679906          
PGC1178810               G        S2        2.7636137  0.9083299    825.049873830735     1577.092620276439   04      1       3    898.0000000000001  1.0011148272017838       3392.585378667177   3.7821464645119027         
PGC010539                G        S2        2.7843404  -0.5925807   -5740.110389496249   12574.901821449968  04      1       3    932.9999999999998  1.0010729613733904       214766.0146777606   230.43563806626673         
PGC010760                G        S2        2.837379   0.0943897    2269.908811891892    1328.6449346207446  04      1       3    925.0              1.001082251082251        26349.301833934493  28.51656042633603          
PGC1148489               G        S2        2.8915523  -0.2348719   -283.3092641693811   1055.3069889655865  04      1       3    921.0              1.001086956521739        2411.375460023376   2.6210602826341045         
2MASXJ02552996+0031477   G        S2        2.924992   0.5298348    -452.6865612691466   1109.8278395634943  04      1       3    913.9999999999998  1.0010952902519166       3052.0122388359136  3.3428392539276164         
PGC1175192               G        S2        2.9704162  0.7771084    598.5060207931405    1619.926337392416   04      1       3    933.0              1.0010729613733906       2460.402756085504   2.639917120263416          
PGC3116368               G        S2        2.9809432  0.7199427    -125.0194159388646   1843.9782026919027  04      1       3    915.9999999999998  1.001092896174863        2600.5763849856653  2.842159983590891          
PGC1170971               G        S2        3.0923278  0.6245807    2068.2759024651664   5034.4855092597645  04      1       3    933.0              1.0010729613733906       23399.849079780717  25.107134205773303         
PGC1139111               G        S2        2.8756639  -0.6092518   210.83474091403704   1118.1015212594637  04      1       3    918.9999999999998  1.0010893246187362       3195.0158487054086  3.480409421247722          
PGC1156658               G        S2        2.8319374  0.0833751    442.9516421109902    962.7888078274701   04      1       3    919.0              1.0010893246187365       2793.7637441230545  3.0433156254063776         
PGC1158889               G        S2        2.969569   0.1719878    1591.352300880088    2355.933278815225   04      1       3    909.0              1.001101321585903        6925.32192219496    7.627006522241146          
PGC1186531               G        S2        2.9007283  1.1653538    -450.29902906458796  895.9441546121924   04      1       3    898.0              1.0011148272017838       2435.803697448558   2.7155002201210237         
PGC3108549               G        S2        3.0941527  -0.8351358   -11.480305567451829  1550.701338092666   04      1       3    934.0000000000001  1.0010718113612005       2118.610151153343   2.2707504299607106         
PGC3109606               G        S2        3.0216637  -0.6451342   333.0259269189189    1434.708229559549   04      1       3    925.0              1.001082251082251        2057.6712274575466  2.2269169128328428         
PGC3110311               G        S2        3.0727278  -0.5006543   677.1111502164503    1631.2843915509814  04      1       3    924.0              1.0010834236186348       2965.8182537009925  3.2132375446381283         
PGC3116707               G        S2        3.2895123  0.8002529    2495.1874662323557   5313.687763977047   04      1       3    921.0              1.001086956521739        15437.016209201349  16.779365444784077         
PGC3117486               G        S2        2.7737745  0.9671564    -5135.914585748218   2663.87710241109    04      1       3    842.0              1.0011890606420928       32053.372747554     38.11340398044471          
PGC3117706               G        S2        2.7827676  1.0061602    -873.7438959271169   1980.2397699312526  04      1       3    933.0000000000001  1.0010729613733906       4199.584328527383   4.505991768806205          
PGC3117922               G        S2        2.9125754  1.0498629    -1926.129180830671   11814.902280736449  04      1       3    939.0              1.0010660980810235       212482.3810536032   226.52705869254072         
PGC3118243               G        S2        3.0916508  1.1217924    -388.4653104077253   1899.6680808407948  04      1       3    932.0000000000001  1.0010741138560688       2848.6198961405685  3.059742101117689          
PGC3118414               G        S2        3.0583185  1.158584     -594.927755353319    2012.396293030414   04      1       3    934.0              1.0010718113612005       3825.748667955122   4.100480887411706          
2MASXJ02561732-0024008   G        S2        2.9381474  -0.4003363   26.9610278508772     687.2335808401186   04      1       3    912.0              1.0010976948408343       1456.9374924377853  1.5992727688669433         
SDSSJ025003.31-000430.9  G        S2        2.8342531  -0.0752298   290.0234591304348    851.8591917028782   04      1       3    920.0              1.001088139281828        2191.1889095700462  2.3843187264091905         
SDSSJ030650.31-002104.2  G        S2        3.1139737  -0.3511598   4591.718324119532    8741.277152720044   04      1       3    937.0000000000001  1.0010683760683763       64118.45629845351   68.50262425048452          
SDSSJ030418.80+003250.2  G        S2        3.0718909  0.5472688    543.8760090811966    1766.5342860559113  04      1       3    936.0              1.0010695187165775       2702.9264816597192  2.890830461668149          
SDSSJ032451.22+010705.6  G        S2        3.4142275  1.1182058    228.18931604395598   2476.90632129681    04      1       3    910.0000000000002  1.0011001100110013       3998.5956033830444  4.3988950532266715         
2MASXJ03023747-0040079   G        S2        3.0437515  -0.6689477   -100.78846019313305  1304.9698428064864  04      1       3    931.9999999999998  1.0010741138560686       1691.055096590047   1.8163857106230366         
SDSSJ032029.77+003153.5  G        S2        3.3416013  0.5315637    1445.7800517316018   2509.3254543313587  04      1       3    924.0000000000001  1.001083423618635        4878.904081341403   5.285919914779418          
SDSSJ024946.09+001003.0  G        S2        2.8294725  0.1675591    51.36610276243094    787.8081878099316   04      1       3    905.0              1.0011061946902655       1934.5244322543242  2.1399606551485886         
SDSSJ032011.94+002702.1  G        S2        3.3366555  0.4505528    46.088758523344175   2048.974393763172   04      1       3    921.0              1.001086956521739        2658.8138421280214  2.8900150457913276         
IC0283                   G        S2        3.0640183  -0.204456    1035.7903053590567   1980.8202129580206  04      1       3    933.0              1.0010729613733906       4514.677979610908   4.844075085419429          
PGC012084                G        S2        3.2514889  1.5084444    -101.05290325027086  2957.2253196653446  04      1       3    923.0              1.0010845986984815       3897.497965469785   4.227221220683064          
2MASXJ03020125-0101177   G        S1.8      3.0336729  -1.0216157   24.48412887931033    1283.378797693129   04      1       3    928.0              1.0010787486515642       1871.1470849595166  2.018497394778335          
PGC175222                G        S2        2.5575689  0.2106499    1035.9023058631922   2774.39999837552    04      1       4    920.9999999999998  1.0010869565217388       4635.129209919223   5.038183923825243          
UGC02024                 G        S2        2.550345   0.4208238    -12619.496615974442  10599.19957643371   04      1       4    939.0000000000002  1.0010660980810238       86789.26877792254   92.525872897572            
PGC1134418               G        S2        2.4107556  -0.799263    6613.151366666668    10855.154840058252  04      1       4    936.0              1.0010695187165775       65604.25591832894   70.16497959179566          
PGC1148204               G        S2        2.2344962  -0.2451589   201.52654591397857   2116.547372835595   04      1       4    930.0              1.0010764262648009       2965.648172435993   3.1923015849687757         
PGC1128776               G        S2        2.024026   -1.020992    -410.41972505399576  2568.5162521606853  04      1       4    925.9999999999999  1.0010810810810808       3756.319130105457   4.0608855460599536         
PGC1130037               G        S2        1.9779953  -0.9737628   209.8628764324325    2204.259381043768   04      1       4    925.0000000000002  1.0010822510822512       2961.0600706082932  3.2046104660262915         
PGC1152664               G        S2        1.9553368  -0.0710095   168.28599143167028   2226.0843758036253  04      1       4    922.0              1.001085776330076        3338.373802815021   3.6247272560423682         
PGC3108784               G        S2        2.0680591  -0.7926667   -420.82279069264075  2166.826623476097   04      1       4    924.0              1.0010834236186348       2963.253318806825   3.2104586335935266         
PGC3109064               G        S2        1.933704   -0.7428981   -5493.355963372716   92299.54137845285   04      1       4    930.9999999999999  1.0010752688172042       4359222.908457182   4687.336460706648          
SDSSJ015704.28-011116.9  G        S2        1.9511912  -1.188039    -539.7525533260632   2309.225291964959   04      1       4    917.0              1.0010917030567685       3224.5729219192044  3.5202761156323192         
PGC174392                G        S2        1.9218482  0.4867354    -1393.7139937967913  2456.3834836563906  04      1       4    934.9999999999998  1.001070663811563        4629.207281567875   4.956324712599438          
PGC1179154               G        S2        1.9296411  0.9210466    -20691.446324676726  14123.738672975522  04      1       4    927.9999999999999  1.001078748651564        230804.09659195427  248.97960797406068         
PGC1151398               G        S2        1.9347622  -0.122716    849.6530469432315    2313.3743718040855  04      1       4    916.0              1.0010928961748633       3770.397371745722   4.120652865295871          
PGC1144375               G        S2        1.9862118  -0.3965226   -208.52452425213676  2318.1575030698796  04      1       4    936.0              1.0010695187165775       3318.9604570566325  3.5496903284028156         
PGC3113954               G        S2        2.0452803  0.2256456    -795.2994897074756   2348.283856201908   04      1       4    923.0              1.0010845986984815       3775.1071905571353  4.094476345506655          
PGC1177956               G        S2        2.048453   0.87791      -965.8295491749176   2660.3815927063765  04      1       4    909.0              1.001101321585903        4507.009278242915   4.9636666059943995         
PGC174754                G        S2        2.0816493  -0.352303    102.55565569060772   2284.2954038471853  04      1       4    905.0000000000001  1.0011061946902655       3008.8119744163396  3.3283318301065705         
PGC3111505               G        S2        2.2349756  -0.2769388   -116.64924827213825  2188.1371617913564  04      1       4    926.0              1.001081081081081        2766.3958168991585  2.9906981804315227         
PGC1160833               G        S2        2.3975403  0.2443159    -906.9965111349036   2417.571690523954   04      1       4    934.0000000000001  1.0010718113612005       3842.164108048945   4.118075142603371          
PGC1126510               G        S2        2.4586653  -1.1103452   -915.6610175324676   2245.4614937516294  04      1       4    924.0              1.0010834236186348       4953.353019171927   5.366579652407289          
PGC175238                G        S2        2.5767222  -0.4143855   113.31090299785869   2435.583981673117   04      1       4    933.9999999999999  1.0010718113612003       3551.345221001721   3.8063721554144916         
PGC144901                G        S2        2.6553188  0.2483885    -3920.0731321160038  3004.779772340058   04      1       4    930.9999999999999  1.0010752688172042       12670.70177481938   13.624410510558473         
PGC144993                G        S2        2.7063491  -1.1692232   1325.4069472610097   1895.9190954717367  04      1       4    931.0              1.0010752688172042       5382.955185207391   5.788123855061711          
PGC1126483               G        S2        2.4267351  -1.1114751   -3011.902337867247   2590.5545869902926  04      1       4    919.0000000000002  1.0010893246187367       9162.239878373248   9.980653462280227          
PGC1136187               G        S2        2.0849946  -0.7292414   -574.530700861141    2170.1809686200313  04      1       4    929.0000000000002  1.0010775862068968       3298.047337925278   3.5539303210401703         
PGC1138978               G        S2        2.6020734  -0.6142085   1872.7887055135134   2053.9253109238944  04      1       4    925.0000000000002  1.0010822510822512       7193.385860931538   7.7850496330427905         
PGC1139108               G        S2        2.5173122  -0.6091962   8305.279962017168    9332.511878443052   04      1       4    931.9999999999999  1.0010741138560686       80316.8042559883    86.26939232651804          
PGC1141453               G        S2        1.9215866  -0.5133864   819.7685765093305    2251.0966381063577  04      1       4    911.0              1.001098901098901        3818.857784228161   4.196547015635342          
PGC1141515               G        S2        2.4081118  -0.5111028   -104.97185177228782  2017.8487626588906  04      1       4    931.0              1.0010752688172042       2483.558996637459   2.6704935447714613         
PGC1150935               G        S2        2.2567437  -0.1404203   928.1163672376875    2618.0376030439647  04      1       4    933.9999999999999  1.0010718113612003       4524.9201602331905  4.849860836262798          
PGC1152083               G        S2        1.899657   -0.0934966   -227.06268710382517  2040.1500555725418  04      1       4    915.0000000000002  1.0010940919037201       2891.260569352571   3.1633047804732723         
PGC1154192               G        S2        1.8985634  -0.0115947   2112.814708766234    2616.1018947480825  04      1       4    924.0              1.0010834236186348       7626.983162128501   8.263253696780607          
PGC1155339               G        S2        2.0172469  0.0312553    291.3855459782609    2154.492881968881   04      1       4    920.0000000000002  1.0010881392818283       3205.633506912306   3.488175742015567          
PGC1156542               G        S2        1.9328762  0.078889     322.75354576086954   2074.005959481179   04      1       4    919.9999999999998  1.0010881392818278       2844.723857226183   3.0954557750012874         
PGC1157707               G        S2        2.668761   0.1236561    -1162.6782064516128  2647.5481372777435  04      1       4    930.0              1.0010764262648009       4954.339242060976   5.332980884888026          
PGC1159686               G        S2        2.5483932  0.2026519    2000.0366113759478   3483.100861721587   04      1       4    922.9999999999999  1.0010845986984815       8145.31023134717    8.83439287564769           
PGC1161619               G        S2        2.3710984  0.2734279    -1057.1933644324324  2436.156078201342   04      1       4    925.0              1.001082251082251        3747.5228926137197  4.055760706291904          
PGC1163239               G        S2        2.3482279  0.3332999    7972.110941918103    7446.383803455555   04      1       4    928.0              1.0010787486515642       61459.17481966801   66.29900196296441          
PGC1168047               G        S2        2.6505161  0.5178269    117.81297016216216   2386.1991676830953  04      1       4    925.0              1.001082251082251        3259.909577944697   3.5280406687713173         
PGC1176895               G        S2        2.4222001  0.8389574    -458.4295215053764   2199.1665669792355  04      1       4    930.0000000000001  1.001076426264801        2993.9278874674073  3.2227426129896743         
PGC1177633               G        S2        1.8938525  0.866141     -816.6863492374728   2404.738310863242   04      1       4    918.0              1.0010905125408942       4052.4991765080813  4.419301173945563          
PGC1177952               G        S2        2.0957034  0.8778094    512.488964967462     2869.9746998679066  04      1       4    922.0000000000001  1.0010857763300762       4766.1027890636915  5.174921595074584          
PGC1178738               G        S2        2.2532452  0.9053455    2069.796846494067    2616.3588488469672  04      1       4    926.9999999999999  1.0010799136069113       5948.248141311256   6.42359410508775           
PGC1179440               G        S2        2.2519822  0.9313383    132.8520326508621    2580.300793661422   04      1       4    928.0              1.0010787486515642       3490.5832512623247  3.7654619754717635         
PGC1181056               G        S2        2.1158798  0.986091     982.5734447225245    2182.0860480435517  04      1       4    919.0              1.0010893246187365       3277.950457107025   3.570752131924864          
PGC1181891               G        S2        2.3617924  1.0134356    6799.277975133405    8840.003824904963   04      1       4    937.0              1.001068376068376        58698.500612510354  62.712073303964054         
PGC1184524               G        S2        1.8862137  1.0990647    -373.65395272331153  2217.8270459622454  04      1       4    918.0000000000001  1.0010905125408944       3287.620680587954   3.585191581884356          
PGC3107379               G        S2        2.5168306  -1.0894216   928.5941842903574    1782.1065175464173  04      1       4    923.0              1.0010845986984815       3765.30796424609    4.083848117403568          
PGC3107636               G        S2        2.5630372  -1.0245597   841.0563653217013    1546.595127263771   04      1       4    916.9999999999999  1.0010917030567685       3418.9826520178776  3.7325138122465913         
PGC3108049               G        S2        2.2356631  -0.9364018   -270.0348141327624   3248.650241032557   04      1       4    934.0              1.0010718113612005       6312.244627891701   6.765535506850698          
PGC3108185               G        S2        2.4992676  -0.9035367   -853.770765075922    1446.6970850014986  04      1       4    922.0              1.001085776330076        4413.69977618035    4.7922907450383825         
PGC3108403               G        S2        2.6290421  -0.8617057   305.4547193268187    1737.8168854919552  04      1       4    921.0000000000001  1.0010869565217393       2771.453411546385   3.0124493603765052         
PGC3109939               G        S2        2.5059024  -0.581241    -2682.9033575725025  3382.0994303320713  04      1       4    931.0              1.0010752688172042       10290.356626158533  11.064899598019927         
PGC3111561               G        S2        2.6648405  -0.2673705   -722.3903241830064   2014.7735929490316  04      1       4    917.9999999999999  1.0010905125408942       3808.338955240276   4.153041390665513          
PGC3113795               G        S2        2.5225073  0.1911265    -5551.150581420765   5343.5346370864     04      1       4    915.0000000000002  1.0010940919037201       24666.454977720914  26.987368684596188         
PGC3114218               G        S2        2.3292967  0.2826224    1747.2074862217437   2276.703569018102   04      1       4    929.0              1.0010775862068966       4627.4517912767915  4.986478223358612          
PGC3114767               G        S2        2.1569627  0.3993809    820.2604158458244    2077.2894168059424  04      1       4    934.0000000000001  1.0010718113612005       2997.9083741261866  3.2131922552263523         
PGC3115430               G        S2        1.9345814  0.5235496    -534.9799802388708   2393.200649472193   04      1       4    921.0              1.001086956521739        3581.888803295859   3.893357394886803          
PGC3115676               G        S2        2.3596054  0.5658902    -461.54435054112554  2462.942002917684   04      1       4    923.9999999999999  1.0010834236186348       3242.9293387814687  3.513466239199858          
PGC3117024               G        S2        2.5463175  0.8713222    2750.554520648649    4345.888076343988   04      1       4    924.9999999999999  1.001082251082251        13828.558367055695  14.965972258718285         
PGC3117377               G        S2        2.1250224  0.948138     -716.5936613807984   2127.7406710466507  04      1       4    927.0              1.0010799136069115       2944.4236587709183  3.179723173618702          
SDSSJ020750.69-004810.4  G        S2        2.1307485  -0.8029188   618.141419869707     2130.1779695513774  04      1       4    921.0000000000001  1.0010869565217393       3029.552853024432   3.2929922315482956         
2MASXJ02044427+0110155   G        S2        2.0789621  1.171351     -1790.2544762513314  27975.959213981874  04      1       4    939.0000000000002  1.0010660980810238       408542.6497368298   435.5465349006714          
SDSSJ022519.36+011139.4  G        S2        2.422046   1.1942944    -1913.001790849673   2471.1060434424476  04      1       4    918.0              1.0010905125408942       5326.656371880439   5.808785574569726          
SDSSJ023359.93+004012.7  G        S2        2.5666497  0.6701995    753.1053998927038    2679.278834010066   04      1       4    932.0              1.0010741138560688       4130.965797280611   4.437127601805168          
SDSSJ021747.05+004322.1  G        S2        2.2964034  0.7228506    396.16854456404735   2282.340972376827   04      1       4    928.9999999999999  1.0010775862068964       2922.442904568668   3.149184164405892          
SDSSJ022150.03-000653.9  G        S2        2.3638969  -0.1149694   5328.798227184465    3207.8775614902315  04      1       4    926.9999999999998  1.0010799136069113       24726.50211684981   26.70248608731081          
SDSSJ022341.01+011446.6  G        S2        2.3947262  1.2463081    1857.802192560175    2744.5106743509846  04      1       4    914.0              1.0010952902519168       6283.354884289542   6.882097354095883          
SDSSJ021758.18-001302.7  G        S2        2.2994938  -0.2174563   -550.714759978308    2182.6829538466027  04      1       4    922.0              1.001085776330076        2931.5694513506437  3.1830287202504275         
SDSSJ021123.75+010632.9  G        S2        2.1899346  1.1091481    1407.6405508161042   2956.786236580932   04      1       4    918.9999999999999  1.0010893246187362       4744.066141291279   5.167828040622308          
SDSSJ021757.82-011324.3  G        S2        2.2993881  -1.2233944   -238.041164362851    2540.385276210916   04      1       4    926.0              1.001081081081081        3478.460329714452   3.760497653745354          
UGC01876                 G        S2        2.4181817  -0.6040241   733.5789317339149    2575.9190726310662  04      1       4    917.0              1.0010917030567685       3642.0397357515208  3.97602591239249           
PGC009252                G        S2        2.4336866  1.0179782    246.25456            2535.7632570025053  04      1       4    925.0              1.001082251082251        3159.912885555519   3.419819140211601          
UGC02061                 G        S2        2.5771553  -0.9797953   -1519.0352476190476  1669.3111052864394  04      1       4    924.0000000000001  1.001083423618635        4595.995817701714   4.979410420045194          
NGC1019                  G        S1.5      2.64095    1.9076667    -2090.627196228448   5212.566434187412   04      1       4    928.0              1.0010787486515642       12569.90839181756   13.559771727958534         
SDSSJ020036.59+004549.3  G        S1.8      2.01017    0.7636934    341.3199114470842    2122.7215750697324  04      1       4    926.0              1.001081081081081        3070.1934569968516  3.319128061618218          
SDSSJ015521.69-004149.9  G        S1.8      1.9226947  -0.6972399   -238.07034099783087  2368.1144369912518  04      1       4    922.0000000000001  1.0010857763300762       3554.473757415369   3.8593634716779253         
SDSSJ023305.96+003856.4  G        S1.8      2.5516545  0.6489787    267.3823847732181    2389.5283212336967  04      1       4    926.0              1.001081081081081        3525.0889323289102  3.8109069538690923         
IC1859                   G        S2        2.8177512  -31.172525   -406.5579003211991   2661.388221188733   04      2       1    934.0              1.0010718113612005       3693.230801395183   3.9584467324707213         
ESO299-020               G        S2        2.8260921  -38.7696204  -306.82697075268817  2432.8616207507907  04      2       1    930.0000000000001  1.001076426264801        3513.089677500888   3.7815819994627424         
ESO417-006               G        S2        2.9393139  -32.1855833  -16193.159073105655  35081.3585230641    04      2       1    936.9999999999998  1.0010683760683758       553769.0536083758   591.6336042824528          
NGC1365                  G        S1.8      3.5601111  -36.1405075  -1292.3565026652454  23233.353885139604  04      2       1    937.9999999999998  1.0010672358591246       45947.59448643272   49.036920476449005         
PGC133092                G        S2        3.7240351  -31.7439155  1270.804324864865    3087.3462998615005  04      2       2    925.0000000000001  1.0010822510822512       7690.710793531275   8.323280079579302          
PGC013982                G        S2        3.8599358  -27.7429389  -268.8691351029252   1890.6493949945527  04      2       2    923.0              1.0010845986984815       3000.819060912071   3.254684447843895          
ESO482-014               G        S2        3.6175917  -25.2489028  208.86549560085837   1994.3053071747743  04      2       2    932.0              1.0010741138560688       2838.5049674805305  3.0488775160907955         
ESO420-013               G        S2        4.2304694  -32.0069861  -3171.0391459401717  12901.925069208646  04      2       2    936.0              1.0010695187165775       55769.810625293416  59.64685628373628          
PGC097372                G        S2        3.264469   -19.1123068  -517.9311445175438   2352.1811203849506  04      2       3    912.0000000000001  1.0010976948408343       4526.130999927654   4.968310647560542          
PGC012776                G        S2        3.4180403  -12.3079444  -17745.317003991368  14307.953016970952  04      2       3    927.0000000000001  1.0010799136069115       221509.03264591232  239.21061840811265         
ESO549-036               G        S2        3.9192403  -17.4693071  -1282.6588443010753  3059.2599416339867  04      2       3    930.0              1.0010764262648009       5253.92556532832    5.655463471828116          
NGC1489                  G        S2        3.9605806  -19.2166111  581.7136045553145    2718.192415256373   04      2       3    922.0000000000001  1.0010857763300762       3918.3309818762523  4.254431033524704          
PGC868533                G        S2        3.0477358  -18.4069431  1907.2312312903225   4069.2053712593265  04      2       4    930.0              1.0010764262648009       10204.133822078316  10.983997655627897         
ESO479-030               G        S2        2.734125   -26.1864722  851.8584329729731    2142.767766292445   04      2       4    925.0              1.001082251082251        3829.7514984270056  4.144752703925331          
NGC1125                  G        S2        2.8612333  -16.6506667  79.32498445652169    3432.6355645435788  04      2       4    920.0              1.001088139281828        4099.311379375512   4.460621740343321          
PGC097508                G        S1.5      2.9613431  -16.5127639  -425.6193726787619   2989.8021194345447  04      2       4    937.0              1.001068376068376        6664.636593881809   7.120338241326719          
ESO545-013               G        S1.5      2.411271   -19.1417846  2757.5405004296454   3504.1543604231465  04      2       4    931.0              1.0010752688172042       9445.87386603888    10.156853619396646         
PGC011080                G        S1.9      2.9340681  -16.4877083  898.290461521972     4073.6452957154265  04      2       4    932.9999999999999  1.0010729613733904       10737.06644993902   11.520457564312254         
PGC132310                G        S2        4.6603538  -37.085174   -851.4438989281888   2411.9596361836143  04      3       1    933.0              1.0010729613733906       4888.5736499887025  5.245250697412771          
ESO304-011               G        S2        4.6832141  -37.5696404  -205.17302880085654  2311.64395902088    04      3       1    934.0000000000001  1.0010718113612005       4530.004266100528   4.855310038692957          
ESO248-010               G        S2        3.3493174  -45.2531479  -1364.2965619098713  2070.3640107151887  04      3       2    932.0000000000001  1.0010741138560688       4068.7931982472874  4.370347151715668          
PGC131221                G        S1.5      3.41625    -41.8924444  -38.467555027027     2456.0477455898904  04      3       2    925.0              1.001082251082251        4343.83610138132    4.7011213218412555         
PGC125411                G        S1.9      3.7985723  -41.4201077  802.1675463752665    2113.944601074405   04      3       2    937.9999999999998  1.0010672358591246       4470.319499759464   4.770885271888435          
PGC097511                G        S2        3.4033222  -57.8365556  459.0449445523193    2460.9077947778733  04      3       3    927.0              1.0010799136069115       6129.204872842034   6.619011741730058          
ESO116-018               G        S2        3.4147312  -60.738268   1682.1236977540107   2794.659487700363   04      3       3    934.9999999999999  1.001070663811563        6305.525527056248   6.751097994706904          
ESO157-023               G        S2        4.3733519  -56.2254967  1848.7531329741378   3301.1513521027687  04      3       3    927.9999999999999  1.001078748651564        6547.339313478671   7.062933455748297          
PGC397822                G        S1.5      3.2559174  -56.7140571  -172.14045188374592  2467.772177838305   04      3       3    928.9999999999999  1.0010775862068964       6443.41150193803    6.943331359847015          
NGC1566                  G        S1.5      4.3334428  -54.9378097  -1949.710157346491   15979.120970192596  04      3       3    912.0              1.0010976948408343       17444.594242611784  19.148841100561782         
ESO200-009               G        S1.9      3.3612972  -51.6582778  -48.726850594594616  2091.588436094174   04      3       3    925.0000000000001  1.0010822510822512       3157.0652225252006  3.4167372538151524         
ESO253-003               G        S2        5.4216806  -46.0059167  17907.39131878335    27189.575826256056  04      3       4    937.0              1.001068376068376        763194.2873499269   815.3785121259903          
PGC130442                G        S1.5      4.5866778  -46.2375556  1155.7271282467532   1826.1081809777595  04      3       4    924.0              1.0010834236186348       4157.168558953012   4.503974603416047          
ESO121-028               G        S2        6.3960387  -60.9785295  -2314.9083482006545  3558.1950008785716  04      4       1    917.0              1.0010917030567685       6951.295337223486   7.5887503681479105         
PGC268761                g        S2        4.1329533  -71.4753397  -1462.9606320430107  3408.8017861524827  04      4       2    930.0              1.0010764262648009       11957.48716728042   12.871353247879892         
ESO033-002               G        S2        4.9330667  -75.5411944  778.686349139785     3353.8603607624095  04      4       3    930.0              1.0010764262648009       5121.18038673204    5.512573075061399          
PGC326141                G        S2        6.5335639  -64.1027778  -2368.763704305705   2444.8289832369305  04      4       4    929.0              1.0010775862068966       9364.420095047655   10.09096993000825          
IC2202                   G        S2        7.4652113  -67.5741852  -4348.958764565218   6947.704543236317   04      4       4    919.9999999999999  1.001088139281828        21393.073981025933  23.278644157808415         
