Name                     Objtype  Agnclass  RA          DEC         Mean_Flux            Stddev              Sector  Camera  CCD  Chi2_Normalized     Chi2_reduced_Normalized  Chi2_Standardized   Chi2_reduced_Standardized  
UGC04068                 G        S2        7.8825529   40.1739461  2587.8487482820983   10081.383516941107  20      1       1    1106.0              1.0009049773755656       45128.69484350589   40.840447822177275         
PGC2317854               G        S2        8.2850574   48.4555573  715.4040416438356    2031.049155346297   20      1       1    1095.0              1.0009140767824498       4119.327747513633   3.765381853303138          
PGC2329903               G        S2        8.1818122   48.9602241  131.7857308181818    2021.7465169247432  20      1       1    1099.9999999999998  1.0009099181073702       3611.9365587612283  3.286566477489744          
PGC3130531               G        S2        7.865028    43.9327135  -1470.461742520399   2971.277543088585   20      1       1    1103.0000000000002  1.000907441016334        5430.993149093604   4.928305942916157          
2MASXJ07564214+4439348   G        S2        7.945051    44.6598112  232.85316886877828   1981.9169679065985  20      1       1    1105.0              1.0009057971014492       3290.5045339686735  2.980529469174523          
2MASXJ08113873+5006289   G        S2        8.1940724   50.1082062  31.59657034358054    3449.3589077553706  20      1       1    1106.0              1.0009049773755656       5674.410315888928   5.135212955555591          
UGC04229                 G        S2        8.1280507   39.0042159  927.4793176684883    2820.06952008053    20      1       1    1098.0              1.0009115770282588       5633.960895305124   5.135789330269028          
PGC3129697               G        S2        7.6588772   40.1441366  588.4637103542234    1746.623352826361   20      1       1    1101.0              1.000909090909091        2944.789521752763   2.6770813834116027         
PGC2192814               G        S2        7.7311786   42.122799   89.9904237272727     1710.0263080974491  20      1       1    1100.0              1.0009099181073704       2546.7209679885955  2.3173075231925346         
PGC3130138               G        S2        7.7486148   41.7491174  185.285353902663     2023.155236312539   20      1       1    1089.0              1.0009191176470589       3299.0157025096323  3.032183550100765          
PGC2161398               G        S2        7.7556609   40.1499933  -1412.298938077969   6204.46319900796    20      1       1    1103.0000000000002  1.000907441016334        27724.91466634944   25.158724742603848         
PGC3130100               G        S2        7.7584573   41.5791372  75.33131042435429    2337.110856555431   20      1       1    1084.0              1.0009233610341643       3865.7907762967307  3.5695205690643865         
PGC2162568               G        S2        7.7656133   40.2227496  -7512.599881588448   10648.075789089224  20      1       1    1108.0              1.000903342366757        77818.88147137468   70.29709256673414          
PGC2209282               G        S2        7.7794076   42.9340904  496.23711828935393   2335.596896000223   20      1       1    1099.0              1.0009107468123861       3856.205347435541   3.512026728083371          
PGC2210011               G        S2        7.8301676   42.9669387  717.874123960217     2194.8308888771367  20      1       1    1105.9999999999995  1.0009049773755652       3650.670098750452   3.3037738450230334         
PGC3130122               G        S2        7.8485434   41.6929194  132.3928200909091    1786.0991457206005  20      1       1    1100.0              1.0009099181073704       2975.5241964317156  2.7074833452517884         
PGC2190352               G        S2        7.8827475   41.9863107  13230.78193738657    26117.11745640419   20      1       1    1101.9999999999998  1.0009082652134422       403853.25837157475  366.80586591423685         
PGC3129873               G        S2        7.8925563   40.6958972  -633.4666723327307   1963.3837584517926  20      1       1    1106.0              1.0009049773755656       3457.546891699685   3.1290017119454165         
PGC2262324               G        S2        7.9212115   45.2846852  1340.1763979090908   2415.467471236294   20      1       1    1100.0              1.0009099181073704       5399.075678267991   4.912716722718827          
PGC3130998               G        S2        7.9529311   45.6845438  -76.8869875793291    2064.29254611954    20      1       1    1103.0              1.0009074410163339       3269.0357163668473  2.966457092891876          
PGC2159372               G        S2        7.9622856   40.0221792  -1783.6673561371838  7630.488223134496   20      1       1    1107.9999999999998  1.0009033423667568       49736.10196921133   44.9287280661349           
PGC2253604               G        S2        7.9780741   44.857859   641.962826502732     3266.718402898514   20      1       1    1098.0              1.0009115770282588       8593.299638501278   7.83345454740317           
PGC3131049               G        S2        7.9802526   45.805214   -1164.0879134667878  3405.034387417928   20      1       1    1098.9999999999998  1.000910746812386        9486.957044112765   8.640215887170095          
PGC2197992               G        S2        8.0426536   42.3927101  690.5832320942883    2512.8022803732238  20      1       1    1102.9999999999998  1.0009074410163337       4757.436361181986   4.317092886735015          
PGC2253220               G        S2        8.0592734   44.8412432  -584.7728936363638   3003.3670754584505  20      1       1    1100.0              1.0009099181073704       6710.099649790188   6.105641173603447          
PGC2208769               G        S2        8.0621281   42.911324   -204.7070417272727   2246.989242309864   20      1       1    1100.0              1.0009099181073704       3642.5153544602654  3.3143906773978755         
PGC3130615               G        S2        8.0975285   44.3335016  702.7621658802178    1942.4245963260157  20      1       1    1102.0              1.0009082652134422       3523.3442720335697  3.200131037269364          
PGC2311572               G        S2        8.1495656   48.1564692  68.21118315217387    2514.8358062353022  20      1       1    1104.0              1.0009066183136899       4970.60630340796    4.506442704812294          
PGC2318858               G        S2        8.1505193   48.4997986  -266.6102209239131   2107.559196849003   20      1       1    1103.9999999999998  1.0009066183136897       3691.666967967591   3.3469328812036183         
PGC3131388               G        S2        8.1688094   47.0119591  275.5045155313352    2152.407445121134   20      1       1    1101.0              1.000909090909091        3685.6400482510253  3.3505818620463867         
PGC023015                G        S2        8.2142723   46.19927    477.6115311312216    3284.359107864088   20      1       1    1105.0              1.0009057971014492       4592.3264538772055  4.159715990830802          
PGC2243578               G        S2        8.3178382   44.4034644  312.1935682107175    2294.6790023664644  20      1       1    1101.0              1.000909090909091        4091.0757813632054  3.7191598012392775         
PGC3131770               G        S2        8.5112666   48.7997829  580.1952352345907    2990.6093505868016  20      1       1    1087.0              1.0009208103130756       6860.350273260179   6.317081282928342          
PGC023893                G        S2        8.5171627   45.4833647  -50.10416657608694   2218.4669461706376  20      1       1    1104.0              1.0009066183136899       3998.356206920045   3.6249829618495424         
PGC2291127               G        S2        8.5516131   47.0273118  183.53722780309934   2323.412972400084   20      1       1    1096.9999999999998  1.000912408759124        3337.1283724759714  3.044825157368587          
PGC2309603               G        S2        8.5800291   48.0540082  -913.59870760181     2428.0505268368975  20      1       1    1105.0              1.0009057971014492       4530.226791547306   4.1034662966914            
PGC3131269               G        S2        8.5877395   46.5956701  814.1111359346643    2653.210343990114   20      1       1    1101.9999999999998  1.0009082652134422       4179.18767620742    3.795810786746067          
PGC2159647               G        S2        7.9182994   40.0412518  474.6633886980108    3970.5708783091695  20      1       1    1106.0              1.0009049773755656       10560.419554663174  9.556940773450837          
PGC2163230               G        S2        7.6917962   40.2639737  960.9166993642144    2280.954452353176   20      1       1    1101.0              1.000909090909091        4108.246872307323   3.7347698839157486         
PGC2166233               G        S2        7.9015412   40.4692092  -317.256722030825    1861.9190024161712  20      1       1    1102.9999999999998  1.0009074410163337       2953.252350327542   2.679902314271817          
PGC2177145               G        S2        7.7600177   41.1937806  1449.3294140781109   2057.994025708992   20      1       1    1101.0              1.000909090909091        5111.751861654265   4.647047146958423          
PGC2194315               G        S2        7.9990542   42.2063637  341.7979804347826    2112.601961621673   20      1       1    1104.0              1.0009066183136899       3549.208632861254   3.217777545658435          
PGC2207837               G        S2        7.9827662   42.8679208  1748.2393614337573   7040.361954253206   20      1       1    1101.9999999999998  1.0009082652134422       29805.790380088154  27.07156256138797          
PGC2218451               G        S2        7.9101129   43.3414685  2572.297548325792    3946.817971902648   20      1       1    1105.0              1.0009057971014492       14349.143152141474  12.997412275490467         
PGC2224960               G        S2        8.167356    43.6149262  -361.497904347826    2058.0006334679506  20      1       1    1104.0              1.0009066183136899       3527.5084328269472  3.1981037468965976         
PGC2225501               G        S2        7.9269091   43.6373929  420.1982915607986    2328.5805405750916  20      1       1    1102.0              1.0009082652134422       3315.466169636916   3.011322588226082          
PGC2225690               G        S2        8.1913969   43.6446549  438.1696781344032    7878.160168513485   20      1       1    997.0000000000001   1.001004016064257        42862.523440097655  43.03466208845146          
PGC2233697               G        S2        8.1819685   43.9787519  -145.6603009074409   4607.368769615319   20      1       1    1102.0              1.0009082652134422       8020.91064852202    7.285114122181671          
PGC2239209               G        S2        8.3627477   44.2116895  664.6192291173794    2185.2656102596197  20      1       1    1099.0              1.0009107468123861       4173.13638616209    3.800670661349809          
PGC2240683               G        S2        8.327214    44.2800117  -69.48700908265215   2110.5168996910434  20      1       1    1101.0000000000002  1.0009090909090912       3782.9810730293484  3.4390737027539533         
PGC2248911               G        S2        7.9991868   44.646007   -3.9708553636363253  2213.9360197932488  20      1       1    1100.0              1.0009099181073704       3755.269735179164   3.41698793009933           
PGC2249517               G        S2        8.1167449   44.6742432  568.3984045248868    2109.882249771698   20      1       1    1105.0              1.0009057971014492       3920.9356303984405  3.5515721289840947         
PGC2251474               G        S2        7.9452469   44.7634598  771.5203670897553    2133.22800148201    20      1       1    1103.0              1.0009074410163339       3558.948416388205   3.2295357680473726         
PGC2256344               G        S2        8.2175484   44.9779625  -171.3272733031674   2086.1363288619837  20      1       1    1105.0              1.0009057971014492       3420.079791397061   3.0978983617727            
PGC2259110               G        S2        7.9296714   45.1141601  321.80949854413103   1992.934121977829   20      1       1    1099.0              1.0009107468123861       2959.384590862339   2.6952500827525854         
PGC2260507               G        S2        8.5363853   45.185405   -793.2653468297102   1984.077771763461   20      1       1    1104.0              1.0009066183136899       4198.912703122847   3.806811154236489          
PGC2260667               G        S2        7.9304711   45.1940792  -171.6197499092559   1924.775236827732   20      1       1    1102.0              1.0009082652134422       3059.5806369814145  2.77891066029193           
PGC2264228               G        S2        8.5666589   45.3922824  -154.20593572076157  2259.376417582381   20      1       1    1103.0              1.0009074410163339       4140.368858186457   3.757140524670106          
PGC2267492               G        S2        8.3713758   45.5932811  531.82701287398      2011.7437442919802  20      1       1    1103.0              1.0009074410163339       3783.002168627147   3.4328513326925107         
PGC2269577               G        S2        8.4047812   45.7297671  -518.6210145737855   2419.5193961638006  20      1       1    1091.0              1.0009174311926605       4891.045010367484   4.4871972572178755         
PGC2275964               G        S2        8.5277183   46.1335235  -419.7006677536232   2265.2855100142247  20      1       1    1104.0              1.0009066183136899       4505.109793895959   4.0844150443299725         
PGC2276217               G        S2        8.267738    46.1483136  -187.12881636363628  2372.994057786647   20      1       1    1100.0              1.0009099181073704       4544.671859212269   4.1352792167536565         
PGC2281134               G        S2        8.2490473   46.4341068  1580.1994756584925   2915.0108584269024  20      1       1    1101.0              1.000909090909091        6094.662156907561   5.540601960825056          
PGC2287229               G        S2        8.3296237   46.7935867  -448.74393890909096  2075.9353037265205  20      1       1    1100.0              1.0009099181073704       3700.2014357333255  3.36688028729147           
PGC2293211               G        S2        8.0242384   47.1498581  -197.32628632634453  2263.213124832442   20      1       1    1097.0              1.0009124087591241       3881.7137414047793  3.5417096180700542         
PGC2299180               G        S2        8.0615054   47.4925546  284.24553881818184   2075.160696885641   20      1       1    1099.9999999999998  1.0009099181073702       3691.9876423824044  3.3594064079912687         
PGC2299453               G        S2        8.0171456   47.5081357  -781.3945768535261   3596.1606766042014  20      1       1    1106.0              1.0009049773755656       8041.060138325231   7.276977500746815          
PGC2301259               G        S2        8.0535085   47.613818   474.5496481884058    2160.0242455197044  20      1       1    1104.0              1.0009066183136899       3473.2085494945127  3.1488744782361855         
PGC2302672               G        S2        8.0981945   47.6933136  -154.3616944646098   2078.941569876348   20      1       1    1102.0              1.0009082652134422       3532.090790834024   3.208075196034536          
PGC2303198               G        S2        8.3306798   47.7220402  8.571563974591632    2979.734004757993   20      1       1    1102.0              1.0009082652134422       7524.028899150443   6.8338137140331            
PGC2307344               G        S2        8.3938972   47.9409714  -171.08878257713252  2810.035173819781   20      1       1    1102.0              1.0009082652134422       4377.195729440866   3.975654613479442          
PGC2308662               G        S2        8.5627959   48.006241   932.8716116742081    2941.967176473135   20      1       1    1104.9999999999998  1.000905797101449        4499.496688992085   4.075631058869642          
PGC2309118               G        S2        8.4943808   48.0307789  159.2512722423146    2613.770780030279   20      1       1    1106.0              1.0009049773755656       5841.03631307867    5.286005713193367          
PGC2312528               G        S2        8.2157267   48.2037687  -506.4783216363636   2016.583034799364   20      1       1    1100.0              1.0009099181073704       3803.3279528807616  3.4607169725939597         
PGC2312978               G        S2        8.4306762   48.2256072  903.0248143891404    2380.0432782066487  20      1       1    1105.0              1.0009057971014492       5831.316208672625   5.281989319449842          
PGC2314090               G        S2        8.3790171   48.2805041  -1054.2052097737558  2535.915836987704   20      1       1    1105.0              1.0009057971014492       4997.287316633944   4.526528366516254          
PGC2323517               G        S2        8.286419    48.6994376  -542.2918468181819   2025.7397088108694  20      1       1    1099.9999999999998  1.0009099181073702       3661.741886013191   3.33188524659981           
PGC2324054               G        S2        8.454384    48.7207313  798.8948660813309    3522.151735892088   20      1       1    1082.0              1.0009250693802034       10137.656461129682  9.378035579213396          
PGC2324870               G        S2        8.5826808   48.7543706  -357.54524292196004  2387.070582789871   20      1       1    1102.0              1.0009082652134422       4007.325381140823   3.639714242634717          
PGC2325697               G        S2        8.0949069   48.7898156  37.088168987341724   2413.9604428329935  20      1       1    1106.0              1.0009049773755656       5238.618654456328   4.740831361498939          
PGC2327141               G        S2        8.4390977   48.8491712  -555.170019401632    2418.3051366357513  20      1       1    1103.0              1.0009074410163339       4861.875937163128   4.411865641708827          
PGC2327571               G        S2        8.4280203   48.8669878  253.84771847426472   2670.3713127065976  20      1       1    1088.0              1.000919963201472        4313.9369505728955  3.968663247997144          
PGC2327890               G        S2        8.6062426   48.8800373  958.3962683923704    2399.7172412081427  20      1       1    1101.0000000000002  1.0009090909090912       4661.096558379586   4.237360507617805          
PGC2328725               G        S2        8.4886483   48.9157641  228.90102245454545   2460.8456995423544  20      1       1    1099.9999999999998  1.0009099181073702       4536.485446255435   4.127830251369822          
PGC2334450               G        S2        8.1342572   49.1352986  341.7013806921676    1883.9978166883814  20      1       1    1098.0              1.0009115770282588       3246.1910201867104  2.959153163342489          
PGC2334840               G        S2        8.4337733   49.1498091  -293.1606203821656   2285.712678161039   20      1       1    1099.0              1.0009107468123861       4317.93281365562    3.9325435461344442         
PGC2336827               G        S2        8.1823568   49.2230183  464.82264616087747   2072.357676452148   20      1       1    1094.0              1.000914913083257        3791.759012961796   3.4691299295167393         
PGC2337891               G        S2        8.2142568   49.2607635  566.2408745901639    2459.3946687628913  20      1       1    1098.0              1.0009115770282588       3292.002904868971   3.0009142250400833         
PGC2343172               G        S2        8.2130177   49.4454579  -323.7788468239564   1929.448147318519   20      1       1    1102.0000000000002  1.0009082652134424       3389.2197248190587  3.078310376765721          
PGC2343949               G        S2        8.2748665   49.4712157  911.6589740535549    5057.926370809664   20      1       1    1083.0              1.0009242144177448       21017.810838238714  19.424963806135597         
PGC2356735               G        S2        8.1764927   49.8965663  -731.562579417122    1928.8528749064044  20      1       1    1098.0              1.0009115770282588       3954.134090407993   3.604497803471279          
PGC2358001               G        S2        8.280493    49.9386853  322.6617881125227    1968.645825664986   20      1       1    1102.0              1.0009082652134422       3765.536983776843   3.4201062522950436         
PGC2820656               G        S2        8.2147535   40.316696   674.1216796548592    4046.2212964116616  20      1       1    1101.0              1.000909090909091        12678.757410942031  11.526143100856393         
PGC3129657               G        S2        7.942046    40.0382953  -283.0811376029277   2074.172542945741   20      1       1    1093.0              1.000915750915751        3473.961438201675   3.181283368316552          
PGC3129830               G        S2        7.6760701   40.5670783  -782.3341926363637   2130.832468415144   20      1       1    1100.0              1.0009099181073704       3416.722051049804   3.1089372621017324         
PGC3129854               G        S2        7.6635276   40.6344786  -1609.2692099457504  4764.85803085791    20      1       1    1106.0              1.0009049773755656       22168.841397612036  20.06229990734121          
PGC3129914               G        S2        7.8036996   40.8518306  -758.9667389799637   2042.0757866726738  20      1       1    1098.0              1.0009115770282588       3976.060329248105   3.624485259114043          
PGC3130307               G        S2        8.1242244   42.5676915  111.9563147706422    2078.107231463647   20      1       1    1090.0              1.0009182736455464       3227.218969507044   2.963470128105642          
PGC3130332               G        S2        7.7873946   42.7556189  -793.5996515426498   2081.4469096753414  20      1       1    1102.0              1.0009082652134422       3693.021092755366   3.3542425910584615         
PGC3130350               G        S2        7.7462251   42.844547   -25.433963148316664  2241.232463567041   20      1       1    1099.0              1.0009107468123861       3638.196195378695   3.313475587776589          
PGC3130386               G        S2        7.9579885   43.0344338  -96.00457525114153   2134.4774399385506  20      1       1    1095.0              1.0009140767824498       3348.171104559424   3.0604854703468227         
PGC3130417               G        S2        7.7795767   43.2163093  -696.0257105936073   2297.645644638891   20      1       1    1094.9999999999998  1.0009140767824496       3870.0561061256485  3.5375284333872474         
PGC3130545               G        S2        7.8677304   44.0139316  -33.039889564428286  2173.651142077604   20      1       1    1102.0              1.0009082652134422       3378.0629264627187  3.0681770449252666         
PGC3130579               G        S2        7.8243242   44.1841745  -508.5384939999999   2317.94748183046    20      1       1    1100.0              1.0009099181073704       4368.373739341918   3.974862365188278          
PGC3130589               G        S2        7.8475695   44.2285547  -254.9755583714547   2174.5522362602105  20      1       1    1093.0              1.000915750915751        3579.093906815154   3.2775585227244997         
PGC3130620               G        S2        7.8834712   44.3389681  -707.0120925386714   2163.9247297987486  20      1       1    1099.0              1.0009107468123861       3566.98023374593    3.248615877728534          
PGC3130687               G        S2        8.0874592   44.6040396  321.50212854528814   2030.9108079588093  20      1       1    1093.0              1.000915750915751        2994.4825771790315  2.7422001622518604         
PGC3130735               G        S2        7.9294327   44.7413714  -345.8530409255899   2216.2156132509485  20      1       1    1102.0              1.0009082652134422       3299.8118138686887  2.9971042814429505         
PGC3130827               G        S2        8.5351756   45.0598453  218.22793925657322   3264.573280544071   20      1       1    1103.0              1.0009074410163339       8896.75010859689    8.073275960614238          
PGC3130850               G        S2        8.5547994   45.141331   37.36630856882406    2159.417020342166   20      1       1    1097.0              1.0009124087591241       4235.093255262074   3.864136181808462          
PGC3130875               G        S2        8.0637999   45.2291856  79.28616790571171    2350.079931101964   20      1       1    1103.0              1.0009074410163339       2973.047886556903   2.6978655957866633         
PGC3130878               G        S2        7.8820729   45.2385695  369.38633999999996   2327.8366192537915  20      1       1    1099.9999999999998  1.0009099181073702       3704.605609246856   3.370887724519432          
PGC3130973               G        S2        8.5579763   45.6007012  -180.77266714932128  2226.962513469735   20      1       1    1104.9999999999998  1.000905797101449        4254.155899656047   3.853402083021782          
PGC3131072               G        S2        8.1567899   45.8701384  -518.6733708409507   1859.6080926725308  20      1       1    1094.0              1.000914913083257        3164.2887441135695  2.8950491711926527         
PGC3131114               G        S2        8.510293    46.0169726  -117.83251651459854  2210.878212864906   20      1       1    1096.0              1.0009132420091325       3904.7926334659733  3.566020669831939          
PGC3131205               G        S2        8.5400853   46.3971724  1160.7773115981736   2275.2532914441854  20      1       1    1095.0              1.0009140767824498       4885.27263278634    4.4655142895670386         
PGC3131206               G        S2        8.508684    46.4027836  -930.1558688950788   3663.7497439939416  20      1       1    1077.0              1.0009293680297398       9742.164295131397   9.05405603636747           
PGC3131225               G        S2        8.036287    46.4784764  -623.1105110607434   2040.2086671747427  20      1       1    1103.0              1.0009074410163339       3728.092303154346   3.3830238685611125         
PGC3131501               G        S2        8.1199228   47.4033629  -389.85965707803996  2095.6536646671457  20      1       1    1102.0              1.0009082652134422       3503.177980566298   3.1818146962455023         
PGC3131504               G        S2        8.5553773   47.4113693  -203.98926515426496  2185.5504211472357  20      1       1    1101.9999999999998  1.0009082652134422       3997.328227405442   3.630634175663435          
PGC3131506               G        S2        8.2925515   47.4212345  -142.11038089171973  1985.588556233587   20      1       1    1099.0              1.0009107468123861       3378.8906529760015  3.077313891599273          
PGC3131621               G        S2        8.2012051   48.0940298  -118.74386406533573  2082.3634989055026  20      1       1    1101.9999999999998  1.0009082652134422       3808.7279103060755  3.459335068397889          
PGC3131698               G        S2        8.1561482   48.424958   948.5882353424657    3109.538180826777   20      1       1    1095.0              1.0009140767824498       8130.990979894252   7.432350073029481          
PGC3131736               G        S2        8.5273073   48.6315584  -523.1998363385464   2204.3253782144106  20      1       1    1087.0              1.0009208103130756       3682.0313973101433  3.3904524837109977         
PGC3131800               G        S2        8.1150983   48.945703   -446.6397240622141   2179.593270145685   20      1       1    1093.0              1.000915750915751        3325.4926255912087  3.0453229172080665         
PGC3131927               G        S2        8.4761549   49.4064489  -645.5498602927721   2136.8362113339513  20      1       1    1093.0              1.000915750915751        4109.4838716234935  3.7632636187028328         
2MASXJ08112462+4608514   G        S2        8.1901668   46.1474377  419.63484049135576   1911.3451861201     20      1       1    1099.0              1.0009107468123861       3206.5501130525545  2.920355294219084          
2MASXJ07441664+4200591   G        S2        7.7379703   42.0164648  -172.8100660238751   1799.2962659922027  20      1       1    1089.0              1.0009191176470589       2919.0451249940866  2.682945886943094          
2MASXJ08281196+4451156   G        S2        8.4699884   44.8543534  223.97623193430658   2535.4883385107814  20      1       1    1095.9999999999998  1.0009132420091322       4130.830869695546   3.772448282826983          
2MASXJ08224329+4532370   G        S2        8.3786927   45.5436022  694.9610067211626    2585.7794264044783  20      1       1    1101.0              1.000909090909091        4822.263450584276   4.383875864167524          
PGC3131684               G        S2        8.2519752   48.3690245  1307.166131897342    4602.324413214074   20      1       1    1091.0              1.0009174311926605       13953.605432463137  12.801472873819392         
PGC023088                G        S2        8.2358475   47.1236366  -331.08926388115134  2178.0341078375873  20      1       1    1077.0              1.0009293680297398       3978.020318633722   3.697044905793422          
PGC2292300               G        S1.5      8.3693166   47.0980315  1438.5756961990949   5763.694674236767   20      1       1    1105.0              1.0009057971014492       14489.328810602174  13.124392038588926         
PGC023138                G        S1.5      8.2546884   46.07521    -1334.7922547770702  3550.4766240525155  20      1       1    1099.0              1.0009107468123861       9540.594005707893   8.689065578968938          
PGC2272950               G        S1.9      7.8789445   45.9493165  -15.144182924614     2513.551964517888   20      1       1    1101.0000000000002  1.0009090909090912       3962.446055357209   3.602223686688372          
PGC2119648               G        S2        7.7114497   38.1672291  -168.482172313297    2355.1959086812567  20      1       4    1098.0000000000005  1.0009115770282593       3810.862655332997   3.4738948544512276         
NGC2410                  G        S2        7.5839628   32.8221293  -838.0711547882137   3584.5101037593213  20      1       4    1086.0000000000002  1.0009216589861754       4198.178615613386   3.869289046648282          
2MASXJ07351859+3232028   G        S2        7.5884873   32.5340431  -1879.7018962316176  6284.461302944306   20      1       4    1088.0000000000002  1.0009199632014723       10373.761719562262  9.543479042835568          
PGC3128900               G        S2        7.6059808   37.873605   -1728.129889421338   3379.6298244421114  20      1       4    1105.9999999999998  1.0009049773755654       9078.026929843465   8.215408986283679          
PGC2126846               G        S2        7.7684079   38.4305723  644.830480874317     2014.307171934687   20      1       4    1098.0              1.0009115770282588       3067.02931666069    2.7958334700644394         
PGC3128854               G        S2        7.7796224   37.7168098  -5000.068866788321   5847.611520549244   20      1       4    1096.0              1.0009132420091325       23334.761201259906  21.31028420206384          
PGC2115611               G        S2        7.8865787   38.0131902  -13437.187999548736  107163.688570982    20      1       4    1108.0              1.000903342366757        6801421.711360732   6144.012386053055          
PGC1979377               G        S2        7.589762    32.083525   -207.82194823209431  2840.183186710781   20      1       4    1103.0              1.0009074410163339       3447.016482759226   3.1279641404348695         
PGC1989794               G        S2        7.6121585   32.2866836  1033.8370721658985   2468.407010559023   20      1       4    1085.0              1.0009225092250922       4156.779273072335   3.83466722608149           
PGC2038357               G        S2        7.6601193   33.762851   1150.5593184782608   2670.2523931407727  20      1       4    1104.0              1.0009066183136899       4724.9058218471955  4.2836861485468685         
PGC2040009               G        S2        7.7311045   33.8560973  311.495164246824     3679.877819041653   20      1       4    1101.9999999999998  1.0009082652134422       7321.300064937685   6.6496821661559355         
PGC2052778               G        S2        7.7916044   34.6717318  -666.4763534608379   2299.805979298799   20      1       4    1098.0              1.0009115770282588       3684.832366955194   3.35900853870118           
PGC2061401               G        S2        7.7093397   35.2328012  194.67318444846293   2127.26602442479    20      1       4    1106.0              1.0009049773755656       3121.288114196494   2.824695125969678          
PGC2080924               G        S2        7.8737127   36.4552836  -587.3785324886877   2284.9513896157855  20      1       4    1105.0              1.0009057971014492       3516.0220434682055  3.1848025756052585         
PGC2088466               G        S2        7.5469434   36.8708337  346.1455328195829    3116.852495964269   20      1       4    1102.9999999999998  1.0009074410163337       6485.762659245729   5.88544705920665           
PGC2088793               G        S2        7.6057392   36.8880889  2113.023593947607    7999.476534361953   20      1       4    1107.0              1.0009041591320071       31557.26561436886   28.532789886409457         
PGC2094334               G        S2        7.8936519   37.1674454  1355.9685188010897   4504.140843577489   20      1       4    1101.0              1.000909090909091        8070.846751590761   7.337133410537056          
PGC2094703               G        S2        7.8256306   37.1837703  -299.9807390667886   2030.873581500591   20      1       4    1093.0              1.000915750915751        3096.129505815983   2.8352834302344165         
PGC2098568               G        S2        7.5610108   37.3473143  153.71932441229654   3022.2081147742974  20      1       4    1106.0              1.0009049773755656       6582.566714024761   5.957073949343675          
PGC2104250               G        S2        7.8834472   37.580872   -299.49259627611264  2255.6068626807664  20      1       4    1101.0              1.000909090909091        3180.7059264436302  2.891550842221482          
PGC2106279               G        S2        7.7198534   37.6621945  -12760.40482540835   23643.880420290032  20      1       4    1102.0              1.0009082652134422       118102.19787310738  107.26811795922559         
PGC2112259               G        S2        7.5591818   37.891361   -224.49402300724637  2279.199924181174   20      1       4    1104.0              1.0009066183136899       3855.8564842065716  3.4957901035417693         
PGC2115514               G        S2        7.8491815   38.0097916  6.499868574023769    2531.6118333400586  20      1       4    1101.0              1.000909090909091        4769.672937109301   4.3360663064630005         
PGC2121353               G        S2        7.6228498   38.2294219  104.70355476839237   2231.8974251779578  20      1       4    1101.0000000000002  1.0009090909090912       3427.981305176058   3.1163466410691436         
PGC2121524               G        S2        7.8548244   38.2362184  -389.62586499544216  2126.5213946721333  20      1       4    1097.0              1.0009124087591241       3420.756051870175   3.1211277845530794         
PGC3128454               G        S2        7.7464821   33.5063791  256.0987613615455    2377.3232360205593  20      1       4    1087.0              1.0009208103130756       3710.253884070075   3.4164400405801794         
PGC3128477               G        S2        7.7447932   33.9308737  49.39591692447677    2435.9115006594184  20      1       4    1099.0              1.0009107468123861       3381.837018168597   3.0799972843065544         
PGC3128472               G        S2        7.7316318   33.9111088  281.7355600909091    2239.3267890270404  20      1       4    1099.9999999999998  1.0009099181073702       3305.206402646784   3.0074671543646807         
PGC3128539               G        S2        7.7372726   34.560161   528.719950273224     2294.0982723373086  20      1       4    1098.0              1.0009115770282588       3508.0378790495506  3.197846744803601          
PGC3128540               G        S2        7.7838752   34.5687259  -764.8589130553036   3381.4351383952207  20      1       4    1103.0              1.0009074410163339       7829.869198620667   7.105144463358137          
PGC3128545               G        S2        7.6906147   34.6617747  -181.5211090991811   2739.052541081375   20      1       4    1099.0              1.0009107468123861       3665.757171149943   3.3385766586065055         
PGC3128615               G        S2        7.8273931   35.8181283  -795.8320559926807   2631.51819657619    20      1       4    1093.0              1.000915750915751        4948.99670714278    4.532048266614267          
PGC3128634               G        S2        7.7887958   36.2172927  -235.61821299065417  4319.6846046771525  20      1       4    1070.0              1.000935453695042        7728.752799731792   7.229890364576045          
PGC3128636               G        S2        7.7464316   36.2445339  184.6955511775362    2405.9709687260083  20      1       4    1104.0              1.0009066183136899       3935.4843687228968  3.567982201924657          
PGC3128741               G        S2        7.7204826   37.1858863  187.69891932849362   2457.3294520135523  20      1       4    1102.0              1.0009082652134422       3922.966488812896   3.563093995288734          
PGC3128946               G        S2        7.8659623   38.0740184  650.3244523160763    2427.401940419868   20      1       4    1101.0000000000002  1.0009090909090912       3694.3107121761323  3.3584642837964838         
PGC3128994               G        S2        7.9347846   38.2809416  -530.4049638259294   2948.0790750918595  20      1       4    1103.0              1.0009074410163339       5740.9906154718465  5.209610358867375          
2MASXJ07344147+3927281   G        S2        7.5781824   39.4579089  -217.48707950819676  2279.067901428471   20      1       4    1098.0000000000005  1.0009115770282593       4233.331673095336   3.859007906194472          
2MASXJ07425283+3843395   G        S2        7.7146799   38.7277246  -566.44300520073     2552.6032844775236  20      1       4    1096.0              1.0009132420091325       4413.601166625462   4.03068599691823           
2MASXJ07471136+3847586   G        S2        7.7864898   38.7996487  -4422.573597974218   9826.818632760613   20      1       4    1085.9999999999995  1.0009216589861747       37709.533821930825  34.755330711456985         
2MASXJ07435046+3307493   G        S2        7.7306845   33.13029    -566.5155590328467   2195.6329870396357  20      1       4    1096.0              1.0009132420091325       3168.918069497233   2.893989104563683          
2MASXJ07453974+3414107   G        S2        7.7610477   34.2363009  372.62104021739157   5868.666866928411   20      1       4    1104.0              1.0009066183136899       12053.953823335121  10.928335288608451         
2MASXJ07460867+3456117   G        S2        7.7690561   34.9366826  -590.9085741176473   5015.229182161165   20      1       4    1105.0              1.0009057971014492       9225.034191015451   8.356009230992257          
2MASXJ07334376+3148298   G        S2        7.5621509   31.8083014  13.53283806451621    2571.813602697957   20      1       4    1085.0              1.0009225092250922       3602.248237648497   3.3231072303030413         
2MASXJ07512112+3838140   G        S2        7.8558706   38.6371924  64.57615359417652    1949.8234225786985  20      1       4    1099.0              1.0009107468123861       3025.462363092727   2.7554302031809903         
PGC097527                G        S2        9.5798484   68.0092288  62.01020870307167    1945.07587918389    20      2       1    1172.0              1.0008539709649873       4347.636085636744   3.7127549834643414         
PGC3137984               G        S2        9.7143401   62.5619226  110.69501679790028   1949.2435825303876  20      2       1    1143.0              1.000875656742557        5511.06116655817    4.825797869140254          
PGC2615419               G        S2        9.3624763   61.2981927  0.6612840677966325   2181.361123432254   20      2       1    1180.0              1.0008481764206956       4754.628377746363   4.0327636791741845         
PGC2603859               G        S2        9.3132322   60.5637434  920.2751044711953    1974.1012427775356  20      2       1    1162.9999999999998  1.0008605851979344       6101.769124673725   5.251092189908541          
PGC2610697               G        S2        9.471997    61.0231927  -836.0399142491467   2255.8079580771623  20      2       1    1172.0              1.0008539709649873       6571.848083827252   5.612167449895177          
PGC2626480               G        S2        9.5212132   61.8847031  -1449.8765291593695  2356.1096451956505  20      2       1    1142.0              1.0008764241893076       8320.689527331908   7.2924535734723115         
PGC2629320               G        S2        9.6346106   62.0380219  202.79562069846676   1945.5050181281715  20      2       1    1174.0              1.000852514919011        5253.567730616083   4.478744868385408          
PGC2630782               G        S2        9.6606682   62.112558   -1818.2782326475851  4748.643464490169   20      2       1    1118.0              1.000895255147717        28769.721777643874  25.756241519824417         
PGC3136929               G        S2        9.4291436   59.5534908  716.9936750212405    2428.536960342171   20      2       1    1177.0              1.0008503401360545       7567.608953592656   6.435041627204639          
PGC3137610               G        S2        9.3719923   61.2404007  -673.9370347713547   1996.2694050911953  20      2       1    1159.0              1.0008635578583764       5460.351763840828   4.715329675164791          
PGC3139123               G        S2        9.9143593   64.2447735  -31.688856825938558  1835.4736194393645  20      2       1    1172.0              1.0008539709649873       4886.876094158784   4.173250293901609          
SDSSJ095325.76+640408.3  G        S2        9.8904889   64.0689983  -563.8290841567291   2065.8921489736854  20      2       1    1174.0              1.000852514919011        5102.066200123459   4.349587553387432          
UGC04633                 G        S2        8.8706368   52.8899716  -315.84708956834527  3328.9275855326673  20      2       4    1112.0              1.0009000900090008       8382.071360296617   7.544618686135569          
PGC2562349               G        S2        8.8380341   57.298546   469.1060823429542    1855.0920840187357  20      2       4    1178.0              1.0008496176720476       4146.3303397043555  3.5227955307598604         
PGC3133605               G        S2        8.6703176   52.7773531  -576.3141597955707   1923.4269811652237  20      2       4    1174.0              1.000852514919011        4566.170934187558   3.8927288441496652         
PGC3132790               G        S2        8.4001635   51.540457   -2653.3797934856175  8936.607769495386   20      2       4    1181.9999999999998  1.0008467400508043       71965.03935365622   60.93568107845573          
PGC2402353               G        S2        8.4010199   51.9043263  60.07091187446989    2099.178232567105   20      2       4    1179.0              1.000848896434635        4573.65453080855    3.882559024455475          
PGC2372801               G        S2        8.4161852   50.4297236  957.0439081424936    1959.5898046830189  20      2       4    1179.0              1.000848896434635        4627.839043522297   3.9285560641106088         
PGC3132056               G        S2        8.4330068   49.9626373  -831.3673077249576   2219.086670872793   20      2       4    1177.9999999999998  1.0008496176720474       4714.524094150578   4.005542985684434          
PGC2413902               G        S2        8.4470858   52.3968499  26.07813457627117    1973.1352063315253  20      2       4    1180.0              1.0008481764206956       4124.041903666868   3.4979151006504394         
PGC3133943               G        S2        8.449791    53.2847712  403.36984176570456   2045.6519247632948  20      2       4    1177.9999999999995  1.0008496176720472       4085.66047502245    3.471249341565378          
PGC3132316               G        S2        8.4861616   50.6682749  -519.5828939446367   2227.295007419125   20      2       4    1156.0              1.000865800865801        5076.037583306527   4.3948377344645255         
PGC3132326               G        S2        8.4887583   50.6868236  716.3347888320545    2395.632598329566   20      2       4    1173.0              1.0008532423208192       4444.56226318493    3.7922886204649573         
PGC2421539               G        S2        8.5275193   52.7015653  494.0762092687075    1883.7175789805142  20      2       4    1176.0              1.0008510638297872       3765.2886832427175  3.204501007015079          
PGC023960                G        S2        8.5452196   52.4423738  737.8892828231293    2326.821648969787   20      2       4    1176.0              1.0008510638297872       4576.146268878584   3.8945925692583696         
PGC3132577               G        S2        8.5494182   51.2002716  179.98797372448976   1933.8525488783848  20      2       4    1176.0              1.0008510638297872       4167.59391896984    3.54688844167646           
PGC2435142               G        S2        8.5603941   53.2280458  -681.0873341858482   2084.8078375084333  20      2       4    1173.0000000000002  1.0008532423208194       4558.423709420573   3.889440025102878          
PGC2387616               G        S2        8.5648169   51.0577562  541.5856648464164    2001.759668398441   20      2       4    1171.9999999999998  1.000853970964987        4659.710833934081   3.979257757415953          
PGC2454580               G        S2        8.5822557   53.9174775  -695.4829121909634   1925.7953622918164  20      2       4    1172.9999999999998  1.000853242320819        4249.137294547758   3.6255437666789745         
PGC3132136               G        S2        8.5865024   50.2812317  -301.62376834470996  2664.091073702673   20      2       4    1172.0              1.0008539709649873       3824.721125381176   3.266200790248656          
PGC090857                G        S2        8.5900619   54.9930729  393.8214969439729    2040.4691330334003  20      2       4    1178.0              1.0008496176720476       4272.950063859391   3.630373886031768          
PGC3133517               G        S2        8.6290424   52.6580709  434.8519326825127    2046.0092895149933  20      2       4    1178.0              1.0008496176720476       4511.099332308911   3.8327097130916825         
PGC3133738               G        S2        8.6374615   52.9900303  -620.3203937234946   2532.2447117352463  20      2       4    1179.0              1.000848896434635        7442.652880151321   6.318041494186181          
PGC2373289               G        S2        8.6511595   50.4460441  -8.002484451996608   2528.076133562589   20      2       4    1177.0              1.0008503401360545       4947.427163644717   4.206995887452991          
PGC3133158               G        S2        8.6604367   52.1576553  1062.6941502963593   2011.0359108896687  20      2       4    1181.0              1.0008474576271187       5535.496289365803   4.691098550310002          
PGC2388371               G        S2        8.6657775   51.1000846  -126.8052414055885   2107.606538506274   20      2       4    1180.9999999999998  1.0008474576271185       4571.1994282425385  3.8738978205445243         
PGC2443882               G        S2        8.7790187   53.5392659  400.9782516323024    2435.713329796577   20      2       4    1164.0              1.000859845227859        4804.547116538614   4.131166910179376          
PGC2450103               G        S2        8.7935416   53.7625622  -947.7315416949154   2386.004040926076   20      2       4    1180.0              1.0008481764206956       6293.96884161401    5.3383959640492025         
PGC024716                G        S2        8.8016045   54.4378086  548.3745622561494    3092.2691462376633  20      2       4    1179.0              1.000848896434635        8274.386096117963   7.024096855787745          
PGC2449623               G        S2        8.812426    53.7461191  316.709808559322     1995.2296402230677  20      2       4    1180.0              1.0008481764206956       4599.695757745679   3.901353484093027          
PGC2482841               G        S2        8.8205216   54.86484    121.87255670367205   2215.6385625518024  20      2       4    1170.9999999999998  1.0008547008547006       4894.031933395123   4.182933276406088          
PGC2399787               G        S2        8.8379866   51.7695633  -456.8207074639526   2062.980722192564   20      2       4    1179.0              1.000848896434635        4296.170988187807   3.6470042344548443         
PGC2512610               G        S2        8.8422306   55.736053   -169.61381299915035  2008.3424631917442  20      2       4    1177.0              1.0008503401360545       4683.893960705716   3.982903027810983          
PGC2481467               G        S2        8.8475707   54.8231339  533.575608680851     2202.1788783929915  20      2       4    1175.0              1.0008517887563884       5316.479648696561   4.528517588327564          
PGC3134550               G        S2        8.8907515   54.3916685  -539.1350628085105   2497.4045036583084  20      2       4    1175.0              1.0008517887563884       6680.76064287579    5.690596799723841          
PGC2499981               G        S2        8.9056929   55.3807119  -1245.5436790816327  2278.9493077277784  20      2       4    1176.0              1.0008510638297872       6514.4645317535615  5.544225133407286          
PGC3135544               G        S2        8.9833417   56.597508   327.4000995726496    2129.127805454986   20      2       4    1169.9999999999995  1.0008554319931562       5342.648367831205   4.570272342028405          
PGC2506315               G        S2        9.0601129   55.5563955  54.789442614600986   2006.99272273749    20      2       4    1178.0              1.0008496176720476       4985.743140858829   4.235975480763661          
PGC3095851               G        S2        9.1038182   56.1708988  104.2846593033135    2077.6907532535206  20      2       4    1177.0000000000002  1.0008503401360547       4756.4880353106555  4.0446326830872925         
PGC3136645               G        S2        9.2201668   58.9023916  552.011108312129     2112.9467372584354  20      2       4    1179.0              1.000848896434635        4680.63385836105    3.9733733941944402         
PGC2334278               G        S2        8.6293447   49.1288543  313.7261119897959    3132.121477001995   20      2       4    1176.0              1.0008510638297872       6751.26958886715    5.745761352227362          
PGC2354226               G        S2        8.4624756   49.8126485  1265.1205175767914   7466.324882653231   20      2       4    1172.0              1.0008539709649873       24571.464570071767  20.983317310052747         
PGC2355275               G        S2        8.5849651   49.8475633  62.574189931740584   2466.0207154926366  20      2       4    1172.0000000000002  1.0008539709649873       3697.66749944245    3.1577006827006406         
PGC2370497               G        S2        8.3521907   50.3543878  -75.73483217021275   1919.7672878680667  20      2       4    1175.0              1.0008517887563884       3746.6987755025334  3.1913958905473025         
PGC2375074               G        S2        8.6192378   50.5087584  -22.323034169550176  2222.3374440842904  20      2       4    1155.9999999999998  1.0008658008658007       4512.217115268304   3.9066814850807825         
PGC2376547               G        S2        8.6046346   50.5646956  606.8426646507667    2083.252597411158   20      2       4    1174.0              1.000852514919011        4644.59494765757    3.959586485641577          
PGC2384363               G        S2        8.4832022   50.891698   -229.47695459965928  2027.1377212037214  20      2       4    1174.0              1.000852514919011        4152.534712078255   3.5400977937581035         
PGC2389407               G        S2        8.5051043   51.1611372  170.3270246363636    2545.067206927146   20      2       4    1100.0              1.0009099181073704       5306.939085660995   4.828879968754318          
PGC2392656               G        S2        8.6943171   51.3504234  874.3901488675958    2348.2013432379013  20      2       4    1147.9999999999998  1.0008718395815168       5982.1878098632515  5.215508116707281          
PGC2395249               G        S2        8.8079631   51.5084188  -362.90212261904765  2078.152309454007   20      2       4    1176.0              1.0008510638297872       4403.154965098      3.7473659277429783         
PGC2395619               G        S2        8.4380513   51.5328614  10.124970364098292   3866.2009943947787  20      2       4    1181.0              1.0008474576271187       12503.75757549703   10.596404724997482         
PGC2399835               G        S2        8.6327084   51.7728488  -390.55503554421773  1949.93519973967    20      2       4    1176.0              1.0008510638297872       4061.844385730111   3.456888838919243          
PGC2402303               G        S2        8.6321133   51.901523   274.523134923339     1972.6474365493257  20      2       4    1174.0              1.000852514919011        4427.454761986597   3.774471237840236          
PGC2407272               G        S2        8.7128821   52.1229905  833.1126960616439    2023.2192030392087  20      2       4    1168.0              1.0008568980291346       4857.694488728536   4.162548833529166          
PGC2416681               G        S2        8.5980532   52.507289   447.158566552901     1932.4620941597364  20      2       4    1172.0              1.0008539709649873       4687.684545297865   4.003146494703556          
PGC2420217               G        S2        8.4485047   52.6503835  -449.5742431721798   2080.2989666029052  20      2       4    1179.0              1.000848896434635        4009.7745387793993  3.4038833096599315         
PGC2421240               G        S2        8.8221597   52.6895685  -210.32682495755517  1974.4456300112197  20      2       4    1178.0              1.0008496176720476       4213.249162556615   3.5796509452477614         
PGC2429352               G        S2        8.8654504   53.0040918  156.214541779661     2038.777815078015   20      2       4    1180.0000000000002  1.0008481764206958       4189.53816727938    3.553467487090229          
PGC2432236               G        S2        8.798857    53.1174865  -931.8556688888888   1931.4746217096758  20      2       4    1170.0              1.0008554319931566       5093.789180428249   4.357390231332976          
PGC2432822               G        S2        8.66629     53.1409095  -160.9484562340967   1975.7233123497851  20      2       4    1179.0000000000002  1.0008488964346351       4309.520259213607   3.658336383033622          
PGC2436165               G        S2        8.8733256   53.2640426  -882.8322706632654   3508.662631383476   20      2       4    1176.0              1.0008510638297872       10813.395709163287  9.202889965245351          
PGC2442955               G        S2        8.5257892   53.5053865  180.18890170212765   2063.4980263764323  20      2       4    1175.0              1.0008517887563884       4306.361040068908   3.6681099148798193         
PGC2445034               G        S2        8.6964647   53.579262   44.210154375531026   1896.8757474456208  20      2       4    1177.0              1.0008503401360545       4277.358670928856   3.6372097541912036         
PGC2450087               G        S2        8.6901669   53.7620627  271.57236466101693   2091.9315266391704  20      2       4    1179.9999999999998  1.0008481764206953       5011.782364831486   4.250875627507622          
PGC2452202               G        S2        8.8562608   53.8363267  -170.26856782978723  1912.797160216085   20      2       4    1175.0              1.0008517887563884       4260.206129977518   3.628795681411855          
PGC2460925               G        S2        8.907998    54.1394627  381.10941994906625   2012.5929197794137  20      2       4    1177.9999999999998  1.0008496176720474       4668.47326154686    3.96641738449181           
PGC2468769               G        S2        8.7472162   54.408599   63.970657227891145   1836.3242731887349  20      2       4    1175.9999999999998  1.000851063829787        4258.06471791944    3.6238848663144174         
PGC2477653               G        S2        8.6821107   54.7042846  -345.87067113578144  2207.4569659258104  20      2       4    1171.0              1.0008547008547009       5394.7133913367425  4.61086614644166           
PGC2491057               G        S2        8.6650544   55.1149038  465.9836796915167    2280.610688573144   20      2       4    1167.0              1.0008576329331047       4662.094895367936   3.998366119526532          
PGC2498266               G        S2        8.7529159   55.329634   160.6357335897436    2003.487652307149   20      2       4    1170.0              1.0008554319931566       4481.828896975503   3.8338998263263497         
PGC2518428               G        S2        9.0190738   55.9001882  -827.7414642917727   3312.4877172232027  20      2       4    1179.0              1.000848896434635        12608.461678393305  10.703278165019784         
PGC2525519               G        S2        8.7945521   56.1001956  2504.95285237691     5470.350515384094   20      2       4    1178.0              1.0008496176720476       10752.091279862005  9.135166762839427          
PGC2541064               G        S2        9.1511111   56.5731588  -605.8210920135939   1912.1178589636281  20      2       4    1177.0              1.0008503401360545       4899.82035107976    4.166513903979388          
PGC2568069               G        S2        9.260104    57.5686904  438.54780824829936   2022.420838058611   20      2       4    1176.0              1.0008510638297872       5024.607036949863   4.276261308042437          
PGC2572072               G        S2        9.2112285   57.8813845  -367.8737492346939   1943.193870453218   20      2       4    1176.0000000000002  1.0008510638297874       4612.123077934346   3.92521113015689           
PGC3095791               G        S2        8.203274    57.29668    -446.21188510273976  2111.314877095952   20      2       4    1168.0              1.0008568980291346       4558.995229657437   3.9065940271271957         
PGC3132038               G        S2        8.6926759   49.8514138  251.85444101461738   2250.4367364902505  20      2       4    1162.9999999999998  1.0008605851979344       3959.7132536065715  3.4076706141192528         
PGC3132068               G        S2        8.661891    50.0221795  253.7994597269625    2238.5118437764427  20      2       4    1171.9999999999998  1.000853970964987        4069.9149544635384  3.4755892010790252         
PGC3132149               G        S2        8.3724904   50.349139   -242.3567721605465   2167.62088051127    20      2       4    1170.9999999999998  1.0008547008547006       4376.575158831464   3.7406625289157813         
PGC3132411               G        S2        8.537114    50.865793   -87.90293486159172   2188.460276520635   20      2       4    1156.0              1.000865800865801        4942.045631710373   4.278827386762227          
PGC3132447               G        S2        8.7514427   50.9469162  -94.735020801364     2054.6498915557186  20      2       4    1172.9999999999998  1.000853242320819        4204.360273783995   3.5873381175631356         
PGC3132560               G        S2        8.5539624   51.1618102  689.9175022184301    2150.4747555680287  20      2       4    1172.0              1.0008539709649873       5311.303040678438   4.535698582987565          
PGC3132599               G        S2        8.5340507   51.2343146  -531.6664680851063   2054.6835725350434  20      2       4    1175.0              1.0008517887563884       4630.051343978315   3.943825676301802          
PGC3132760               G        S2        8.7707991   51.4850049  180.861930173913     2156.4592933894405  20      2       4    1150.0              1.000870322019147        4825.564069934942   4.199794664869401          
PGC3133072               G        S2        8.4303041   52.0225565  296.2567304459691    2004.272354134305   20      2       4    1166.0              1.0008583690987125       4115.324925601494   3.53246774729742           
PGC3133152               G        S2        8.6478143   52.1450779  2.0895355195911214   2393.0096391722363  20      2       4    1173.9999999999998  1.0008525149190108       3842.667327153033   3.2759312251944017         
PGC3133208               G        S2        8.5826395   52.229356   2088.970453398058    4968.090535326938   20      2       4    1133.0              1.0008833922261484       19513.622381938578  17.238182316200156         
PGC3133290               G        S2        8.7531936   52.3752005  219.44945636208368   2152.988366094896   20      2       4    1171.0              1.0008547008547009       4800.062410923334   4.102617445233619          
PGC3133904               G        S2        8.6012323   53.2349187  124.14447723024632   2202.2734855402623  20      2       4    1176.9999999999998  1.0008503401360542       5200.351971784485   4.422068003218099          
PGC3134164               G        S2        8.4693257   53.6272055  -206.2344220613288   1921.2782655746093  20      2       4    1174.0              1.000852514919011        3721.8907091923775  3.1729673565152408         
PGC3134400               G        S2        8.8589922   54.0566999  404.79244923339013   1887.5071588807723  20      2       4    1174.0              1.000852514919011        4567.958020231524   3.8942523616637033         
PGC3135130               G        S2        9.0691414   55.7460014  692.4688502559726    1887.0957244921308  20      2       4    1172.0              1.0008539709649873       4764.653801244735   4.0688760044788514         
PGC3135181               G        S2        9.0604703   55.8524119  -21.572765617021293  1854.047961263371   20      2       4    1175.0              1.0008517887563884       4037.571129536979   3.439157691258074          
PGC3135765               G        S2        9.1976529   56.9317224  501.5646758532423    2049.4529220272016  20      2       4    1172.0              1.0008539709649873       4803.0012607603185  4.101623621486182          
PGC3135854               G        S2        8.9283274   57.1111696  -231.2885282073067   1923.6132250308917  20      2       4    1177.0              1.0008503401360545       4464.919474159646   3.7967002331289503         
PGC3136088               G        S2        9.190365    57.6515121  -1055.492680834753   1926.591146697814   20      2       4    1174.0              1.000852514919011        5763.073622374973   4.913106242433907          
PGC3136100               G        S2        8.9191482   57.6818262  -474.00111921768706  2044.4472692064223  20      2       4    1176.0              1.0008510638297872       4740.431040582114   4.034409396240097          
PGC3136258               G        S2        9.2401236   58.1075587  3.2474490196078323   1814.4707410846552  20      2       4    1173.0              1.0008532423208192       4441.61769845836    3.7897761932238567         
PGC3136292               G        S2        8.9363388   58.171744   1432.8818664102564   2735.9788256257348  20      2       4    1169.9999999999998  1.0008554319931564       7444.638081614534   6.368381592484631          
PGC3136588               G        S2        9.0287269   58.7469932  -435.46413931623937  2150.780093504984   20      2       4    1170.0              1.0008554319931566       5314.086614080943   4.545839704089771          
PGC3136737               G        S2        9.1559318   59.1380999  759.5742487638535    2074.156084497668   20      2       4    1173.0              1.0008532423208192       4868.705626687096   4.15418568829957           
2MASXJ08395264+5034485   G        S2        8.6646216   50.5801962  238.9637471145564    2295.811262814915   20      2       4    1161.0              1.0008620689655172       4873.911536251413   4.2016478760788045         
2MASXJ08522748+5634009   G        S2        8.874307    56.5669555  1255.1814545844043   2137.3877061278286  20      2       4    1167.0000000000002  1.000857632933105        5967.704106146409   5.118099576454896          
2MASXJ09141710+5818404   G        S2        9.2381057   58.3112748  -206.5440055508113   2170.7657667827575  20      2       4    1171.0              1.0008547008547009       5310.128128081904   4.538571049642653          
2MASXJ09094201+5855327   G        S2        9.1616682   58.9257603  257.2578882553192    1973.2315802142846  20      2       4    1175.0              1.0008517887563884       4412.929382254783   3.7588836305407014         
PGC023022                G        S2        8.2140464   57.9214191  116.55654837606839   2380.396673824903   20      2       4    1170.0              1.0008554319931566       4174.46945198732    3.5709747236846194         
PGC023174                G        S2        8.2670622   58.3339909  -741.4100673258813   2069.3028782571364  20      2       4    1162.9999999999998  1.0008605851979344       4431.408094581736   3.813604212204592          
NGC2603                  G        S2        8.5929037   52.788937   818.5242787618228    2716.1666864298018  20      2       4    1163.0              1.0008605851979346       5507.889496889033   4.740008172882128          
PGC024858                G        S2        8.8435933   57.3596291  1394.2073896669513   3716.1899522897324  20      2       4    1170.9999999999998  1.0008547008547006       9416.91960131589    8.048649231893924          
PGC2437136               G        S1.5      8.8214746   53.2988255  -367.53427879558944  1909.903820613508   20      2       4    1179.0              1.000848896434635        4021.894266424868   3.4141717032469168         
NGC2985                  G        S1.9      9.8394635   72.279194   -999.9865532188841   8481.982794439806   20      3       2    1165.0              1.0008591065292096       8530.752955596916   7.328825563227591          
PGC2677795               G        S2        17.1211302  65.471965   848.8001361394558    1770.6869989071504  20      4       2    1175.9999999999998  1.000851063829787        4760.813307103476   4.051756006045512          
PGC3140013               G        S2        17.3793619  65.6812931  681.7986817176871    1892.440047893919   20      4       2    1176.0              1.0008510638297872       5368.757415624748   4.569155247340212          
PGC2678729               G        S2        17.0953636  65.5779884  941.442109298394     4861.860719158469   20      4       2    1183.0              1.0008460236886634       23105.756742588623  19.54801754872134          
PGC3139048               G        S2        16.8821188  64.1576062  -210.19053898305086  1940.3431958005817  20      4       2    1180.0000000000002  1.0008481764206958       5799.910788916197   4.91934757329618           
PGC3139985               G        S2        17.2517502  65.6298878  -907.2714673710904   3147.404782138267   20      4       2    1183.0              1.0008460236886634       11246.17085752814   9.514526952223468          
PGC3140009               G        S2        17.3454526  65.6752186  -2359.095407306712   9738.126672805314   20      4       2    1177.0              1.0008503401360545       65259.25155797228   55.49256084861589          
PGC2440507               G        S2        17.5400069  53.4167928  2784.0046152284262   4773.089830271953   20      4       3    1182.0              1.0008467400508043       34193.70185718336   28.95317684774205          
PGC2566584               G        S2        17.2848801  57.491126   62.46139847715735    1726.4920033445583  20      4       3    1181.9999999999998  1.0008467400508043       3721.930247498416   3.1515074068572533         
PGC3136317               G        S2        17.0964952  58.2160423  -288.24680254668937  1688.8583931574299  20      4       3    1178.0              1.0008496176720476       4277.419993836389   3.634171617533041          
UGC10889                 G        S2        17.5059512  59.6398916  -746.6145938879456   2613.7156391724666  20      4       3    1178.0              1.0008496176720476       5506.222740326735   4.67818414641184           
PGC3137966               G        S2        16.8534978  62.5177513  -243.0480957482993   1583.0802393242698  20      4       3    1176.0              1.0008510638297872       4017.4480570337814  3.4191047293904524         
PGC2602568               G        S2        16.9779266  60.4690411  -437.8463966864911   1696.7120277309318  20      4       3    1177.0              1.0008503401360545       4062.3336019743792  3.4543653078013428         
PGC2644384               G        S2        17.0057981  62.8358209  -27.55777789115648   1815.6539194253576  20      4       3    1176.0              1.0008510638297872       4016.7381040927276  3.41850051412147           
PGC3137527               G        S2        17.0243035  60.9927778  718.0515522438611    1808.1191219269647  20      4       3    1181.0              1.0008474576271187       5193.026240521215   4.400869695356962          
PGC3136998               G        S2        17.025268   59.7093881  240.8247693220339    1947.4952538884713  20      4       3    1180.0              1.0008481764206956       3950.1927303726025  3.350460331104837          
PGC2591970               G        S2        17.0358219  59.5745135  896.4655614200171    1889.9213834521092  20      4       3    1169.0              1.0008561643835616       5856.520772906133   5.0141444973511415         
PGC2596729               G        S2        17.0724808  59.9968563  185.81930751494448   1783.2076323257857  20      4       3    1170.9999999999998  1.0008547008547006       4281.074161316629   3.6590377447150675         
PGC2659173               G        S2        17.0872366  63.6567959  -3962.387645762712   16233.781726066967  20      4       3    1180.0000000000002  1.0008481764206958       398957.94865148654  338.3867248952388          
PGC2575530               G        S2        17.1658917  58.1801716  -207.48280933786066  2329.0715690008105  20      4       3    1178.0              1.0008496176720476       6857.717211631509   5.8264377329069745         
PGC3136130               G        S2        17.1670886  57.7743858  -638.4167124787776   1963.9220888393888  20      4       3    1178.0              1.0008496176720476       5030.649099376204   4.274128376700258          
PGC2576659               G        S2        17.1675739  58.2719625  -321.4109215619695   2171.4947955833964  20      4       3    1178.0              1.0008496176720476       5783.8798190384905  4.914086507254453          
PGC2661814               G        S2        17.1808844  63.8536769  359.95678501712325   2086.338975781302   20      4       3    1168.0000000000002  1.0008568980291348       5856.38606349954    5.018325675663702          
PGC2642561               G        S2        17.1890322  62.7467226  246.55692149532706   1868.4189968813284  20      4       3    1177.0              1.0008503401360545       4699.412077829607   3.9960987056374213         
PGC2562939               G        S2        17.2105842  57.3224271  427.9652242372881    2728.216741803956   20      4       3    1180.0              1.0008481764206956       7663.045314225224   6.499614346247009          
PGC2546780               G        S2        17.2653225  56.7551388  -310.4736860544218   2747.023205288786   20      4       3    1176.0              1.0008510638297872       8538.003117408269   7.266385631836824          
PGC2612892               G        S2        17.3102894  61.1544632  -2130.571071574468   2769.5662398526356  20      4       3    1175.0              1.0008517887563884       14694.758258049238  12.516829862052163         
PGC2639903               G        S2        17.3168498  62.6103865  635.9929552542374    2841.564642217545   20      4       3    1180.0000000000002  1.0008481764206958       9697.638494550314   8.225308307506628          
PGC2647147               G        S2        17.347926   62.9742427  367.48320655319145   1857.9676675914275  20      4       3    1175.0              1.0008517887563884       4402.777064393985   3.7502360003355917         
PGC3133752               G        S2        17.3662783  53.0125855  98.43109918181811    2412.4748761121377  20      4       3    1099.9999999999998  1.0009099181073702       6616.850251652706   6.020791857736766          
PGC2586909               G        S2        17.3808328  59.1349776  40.547290761334494   1988.1744092035467  20      4       3    1169.0              1.0008561643835616       4104.264137173991   3.513924774977732          
PGC2651330               G        S2        17.3821726  63.1944314  500.61619285106383   1928.2947054431174  20      4       3    1175.0              1.0008517887563884       4853.247211067523   4.133941406360751          
PGC3139346               G        S2        17.3850978  64.5163944  719.350505132592     2139.121714890962   20      4       3    1168.9999999999998  1.0008561643835614       7096.00579015242    6.075347423075701          
PGC3136476               G        S2        17.395601   58.5089653  -23.446455017006848  1863.3648937381708  20      4       3    1176.0              1.0008510638297872       4102.9151635444505  3.4918426923782557         
PGC3139318               G        S2        17.3978812  64.4719332  682.016088180272     2031.7543897138385  20      4       3    1176.0              1.0008510638297872       5992.596149058523   5.100081828985977          
PGC3136419               G        S2        17.3979011  58.3884292  455.46703786078103   2209.694793526192   20      4       3    1177.9999999999998  1.0008496176720474       5779.646191726972   4.910489542673723          
PGC2507362               G        S2        17.4296941  55.5858797  691.384564770798     1944.8785373194241  20      4       3    1178.0              1.0008496176720476       5448.050729739451   4.628760178198344          
PGC2633897               G        S2        17.4486651  62.2806425  -321.2713676044331   1843.079090639912   20      4       3    1173.0              1.0008532423208192       4044.2988609642625  3.450766946215241          
PGC2506355               G        S2        17.4634026  55.5578144  -336.96263593882753  1917.4682690594736  20      4       3    1177.0              1.0008503401360545       4428.130735782097   3.765417292331715          
PGC2471297               G        S2        17.493284   54.4944742  -512.6337210076857   2143.221396790201   20      4       3    1171.0              1.0008547008547009       4854.106487652223   4.148808963805319          
PGC2571583               G        S2        17.4974664  57.8349103  485.4807283531409    2258.363031051808   20      4       3    1178.0              1.0008496176720476       6589.564222276107   5.598610214338239          
PGC3134409               G        S2        17.5098942  54.079315   28.181518622448987   1767.9064576373048  20      4       3    1176.0              1.0008510638297872       4069.872132909248   3.4637209641780835         
PGC060453                G        S2        17.5367198  59.9415319  153.5254415319149    2442.6919280261463  20      4       3    1175.0              1.0008517887563884       4526.6596898100415  3.8557578277768667         
PGC060581                G        S2        17.6189247  54.2058134  169.74461763202726   1909.6333502969546  20      4       3    1174.0              1.000852514919011        3917.251929232706   3.339515711195828          
PGC2449352               G        S2        17.6321845  53.7352063  41.008409377664115   1827.8037922777128  20      4       3    1173.0              1.0008532423208192       3782.857167331689   3.227693828781305          
PGC097545                G        S2        17.6337532  56.2238392  1294.8925786564625   2238.3956807795016  20      4       3    1176.0              1.0008510638297872       6089.931974600819   5.1829208294475055         
PGC2495397               G        S2        17.6915204  55.2419158  -753.4851519051651   2004.4097426464896  20      4       3    1181.0              1.0008474576271187       5079.267047317755   4.304463599421826          
PGC2503925               G        S2        17.7059917  55.4891933  2507.3762257845633   6155.1535297768005  20      4       3    1179.0              1.000848896434635        31965.92937063917   27.135763472529007         
PGC2435608               G        S2        17.3547161  53.2438953  -754.9373879265091   2216.0563840096006  20      4       3    1143.0              1.000875656742557        6392.148080055078   5.597327565722485          
PGC2442477               G        S2        17.4360692  53.4878435  -617.672171342513    2112.1530388479287  20      4       3    1162.0000000000002  1.000861326442722        4223.044446241574   3.6374198503372734         
PGC2447626               G        S2        17.5702823  53.6728351  574.2236451282051    2017.7710618657877  20      4       3    1170.0              1.0008554319931566       4907.813948621046   4.19830106811039           
PGC2460354               G        S2        17.5490804  54.1208636  -180.08836463104342  6337.541692497094   20      4       3    1179.0              1.000848896434635        13473.593946855843  11.4376858632053           
PGC2463072               G        S2        17.350176   54.2153615  836.6676662701784    1988.6268649526241  20      4       3    1177.0              1.0008503401360545       5000.696293292188   4.2522927664049215         
PGC2484784               G        S2        17.6990065  54.9261572  -245.6882417162277   1846.1371390101258  20      4       3    1177.0              1.0008503401360545       4234.156278597591   3.60047302601836           
PGC2487727               G        S2        17.2980784  55.0133203  1993.6219037319763   2674.6584662629325  20      4       3    1179.0              1.000848896434635        14427.051005361169  12.24707216074802          
PGC2514311               G        S2        17.4041759  55.7861109  -319.1264543367347   1995.8683054491894  20      4       3    1175.9999999999995  1.000851063829787        4939.193961098745   4.203569328594677          
PGC2532265               G        S2        17.4862555  56.2991494  -36.6650351328192    1966.9448523236363  20      4       3    1167.0              1.0008576329331047       4785.561893364478   4.10425548315993           
PGC2533337               G        S2        17.3636222  56.3313851  948.6952269000855    1816.9880354408176  20      4       3    1171.0              1.0008547008547009       5224.783110323474   4.465626590020063          
PGC2543407               G        S2        17.2823326  56.6494414  -364.68699531914893  1982.9095499680275  20      4       3    1175.0              1.0008517887563884       5130.271127775308   4.369907263863124          
PGC2560827               G        S2        17.2656055  57.237981   -163.52530067854113  1883.4495062136039  20      4       3    1179.0              1.000848896434635        3666.529912791282   3.1125041704510035         
PGC2580033               G        S2        17.248479   58.5506337  796.3738070398643    1914.2681551543983  20      4       3    1179.0              1.000848896434635        5077.154470101586   4.30997832776026           
PGC2580511               G        S2        17.2036781  58.5945317  -75.4561239931448    2288.277231075913   20      4       3    1167.0              1.0008576329331047       5236.511147953144   4.491004415054155          
PGC2582037               G        S2        17.507955   58.7229376  -365.87589169491525  2299.2531211169376  20      4       3    1180.0              1.0008481764206956       6463.361616471901   5.482070921519848          
PGC2585390               G        S2        17.1762071  59.0108466  662.9691094736842    2127.2761205969978  20      4       3    1140.0              1.0008779631255487       5741.176514792079   5.0405412772538005         
PGC2586571               G        S2        17.2292585  59.1079581  178.2610292268479    2006.3687749631902  20      4       3    1177.0              1.0008503401360545       4441.597833423004   3.7768689059719422         
PGC2588519               G        S2        17.1902028  59.2735816  98.86852419080067    1793.301842109143   20      4       3    1173.9999999999998  1.0008525149190108       4319.2312056804085  3.6822090415007747         
PGC2594060               G        S2        17.1982334  59.768198   -589.2925163404255   1829.1545076914447  20      4       3    1175.0              1.0008517887563884       4900.456979913931   4.174154156655819          
PGC2600291               G        S2        17.1344333  60.2849457  385.16670390492357   1900.6087555908994  20      4       3    1178.0              1.0008496176720476       4460.882267094879   3.790044407047476          
PGC2603268               G        S2        17.2471734  60.5189268  -430.24418157894735  1915.038475630571   20      4       3    1178.0              1.0008496176720476       4378.035185600025   3.719656062531882          
PGC2629563               G        S2        17.3190051  62.0498538  -550.9001178947368   2161.3099511129044  20      4       3    1140.0              1.0008779631255487       7140.101537127421   6.26874586227166           
PGC2636237               G        S2        16.9694746  62.4156277  -134.19903279386713  1910.1395793402853  20      4       3    1174.0              1.000852514919011        4557.946886937569   3.885717721174398          
PGC2640097               G        S2        16.9795894  62.619021   -437.97321106382975  1772.8816486031446  20      4       3    1175.0              1.0008517887563884       4302.204076099519   3.664569059709982          
PGC2642465               G        S2        17.0747393  62.7410455  795.7752985581001    1761.5993830110665  20      4       3    1179.0              1.000848896434635        4850.674026015249   4.117719886260823          
PGC2669339               G        S2        17.4370193  64.558141   179.46529761295827   2092.7314092653605  20      4       3    1172.9999999999998  1.000853242320819        4847.846922611514   4.1363881592248415         
PGC3135441               G        S2        17.5028206  56.4226786  819.0354481324279    1877.4204640855648  20      4       3    1177.9999999999998  1.0008496176720474       4968.949965590438   4.221707702285844          
PGC3135565               G        S2        17.2906128  56.6300301  1179.1441999999997   5950.621456137906   20      4       3    1165.0              1.0008591065292096       10529.317225743565  9.04580517675564           
PGC3135624               G        S2        17.4011258  56.7155109  187.8849469439728    1937.5277479378701  20      4       3    1178.0              1.0008496176720476       4535.849921827092   3.853738251339925          
PGC3135640               G        S2        17.4767037  56.7425611  169.46002039082404   2797.54230017038    20      4       3    1177.0              1.0008503401360545       8752.395720038498   7.442513367379675          
PGC3135717               G        S2        17.2242637  56.8567814  -110.28179079965606  1793.288566929295   20      4       3    1163.0              1.0008605851979346       3982.650313793964   3.4274099086006573         
PGC3135967               G        S2        17.3996065  57.3966323  -361.45591916524705  1740.282425132264   20      4       3    1173.9999999999995  1.0008525149190106       4171.050021936702   3.5558823716425425         
PGC3135979               G        S2        17.280426   57.4198976  -234.67353626086958  2005.252539779381   20      4       3    1150.0              1.000870322019147        4978.211356726466   4.332646959727124          
PGC3136019               G        S2        17.2562025  57.4723968  450.96984693877556   2045.7361091920739  20      4       3    1175.9999999999998  1.000851063829787        4293.658744337556   3.6541776547553666         
PGC3136032               G        S2        17.252148   57.4975766  -547.8414129991504   1949.7589328397403  20      4       3    1177.0              1.0008503401360545       5155.020602390166   4.383520920399801          
PGC3136484               G        S2        17.0965604  58.5241347  -540.0500362478778   2286.457595860533   20      4       3    1178.0              1.0008496176720476       6133.484739520633   5.21111702593087           
PGC3136612               G        S2        17.3413857  58.7971152  -20297.741829381877  56247.12179078472   20      4       3    1181.0              1.0008474576271187       621051.6858296922   526.3149879912645          
PGC3136618               G        S2        17.1468143  58.8210177  -8.867378183361645   1763.5335131459244  20      4       3    1177.9999999999998  1.0008496176720474       4052.2822387713604  3.4428906021846735         
PGC3136684               G        S2        17.4264337  58.9868495  -157.78334426508056  2403.5647928848925  20      4       3    1177.0              1.0008503401360545       7502.87139622983    6.3799926838689025         
PGC3136754               G        S2        17.3435058  59.1698002  1753.2716542444823   4308.431194333928   20      4       3    1177.9999999999998  1.0008496176720474       27583.45842489774   23.43539373398279          
PGC3137002               G        S2        17.3874454  59.7228405  347.28697854077257   2282.6175694630215  20      4       3    1165.0000000000002  1.0008591065292098       5205.434932605342   4.472023137977097          
PGC3137099               G        S2        17.6012755  59.9517465  275.62325918367344   1840.1111911575629  20      4       3    1175.9999999999998  1.000851063829787        4532.67353521591    3.857594498056094          
PGC3137112               G        S2        17.4458889  60.0047392  390.84864015280135   2119.7493927170967  20      4       3    1178.0              1.0008496176720476       5782.414996162626   4.912841967852699          
PGC3137130               G        S2        17.4455119  60.0440825  -825.5626099378879   2695.681768416114   20      4       3    1127.0              1.0008880994671403       7306.521509681736   6.488917859397634          
PGC3137164               G        S2        17.2622256  60.143162   726.1213094307562    1818.7956533202844  20      4       3    1177.0              1.0008503401360545       4738.476256429023   4.029316544582502          
PGC3137183               G        S2        17.4015649  60.1734097  279.8066523484202    2026.4676141779548  20      4       3    1171.0              1.0008547008547009       4735.763852510625   4.047661412402244          
PGC3137340               G        S2        17.3379624  60.5092271  1064.7563286206898   2207.9235544891776  20      4       3    1160.0              1.000862812769629        7092.8137808059455  6.119770302679849          
PGC3137399               G        S2        17.0753947  60.6440174  -154.7935790500424   1753.2527977925918  20      4       3    1179.0              1.000848896434635        4240.855052984266   3.6000467342820595         
PGC3137603               G        S2        17.4368055  61.2229282  606.8951905451447    1821.0498341284888  20      4       3    1174.0              1.000852514919011        4582.587712946319   3.9067243929636137         
PGC3137632               G        S2        16.9432396  61.3436274  250.52040391156467   2024.642380579306   20      4       3    1175.9999999999998  1.000851063829787        5087.611549314668   4.329882169629505          
PGC3137651               G        S2        16.9540816  61.4413209  2.5068882003393744   3249.6254216755524  20      4       3    1178.0              1.0008496176720476       13170.830332876001  11.190170206351743         
PGC3137681               G        S2        17.2615524  61.5926803  -1238.9486798456262  3403.7893416944826  20      4       3    1166.0              1.0008583690987125       11424.265266662715  9.80623628039718           
PGC3137700               G        S2        17.402261   61.6917267  520.6645061962134    2133.5543352726295  20      4       3    1162.0              1.0008613264427217       5298.054074477293   4.563354069317221          
PGC3137771               G        S2        17.3353906  61.9868159  -2315.660652765957   3594.5176299350424  20      4       3    1175.0              1.0008517887563884       18551.90659984299   15.802305451314302         
PGC3137785               G        S2        17.0740764  62.0412447  11.548861880341951   1792.5290166154698  20      4       3    1170.0              1.0008554319931566       4132.387347535596   3.534976345197259          
PGC3137947               G        S2        16.9517709  62.4874736  619.4992096170213    1694.7903994956478  20      4       3    1175.0              1.0008517887563884       4750.394398687664   4.046332537212661          
PGC3137995               G        S2        17.3621831  62.5793607  -106.34603532934133  1547.6213846183653  20      4       3    1168.9999999999998  1.0008561643835614       3577.979920452981   3.063338972990566          
PGC3138088               G        S2        16.9503369  62.8405921  49.707878898305154   3875.2090310707063  20      4       3    1180.0              1.0008481764206956       14334.211717118731  12.157940387717328         
PGC3138144               G        S2        17.0468742  62.9343832  -208.10534655319148  1650.0010353505002  20      4       3    1175.0              1.0008517887563884       4281.066442784427   3.6465642613155254         
PGC3138317               G        S2        17.1347894  63.229358   184.6423230769231    1787.7402460629446  20      4       3    1170.0              1.0008554319931566       4598.839334537184   3.9339942981498583         
PGC3138820               G        S2        17.2203241  63.936095   78.06795898305086    2058.660742461408   20      4       3    1180.0000000000002  1.0008481764206958       4943.354315792582   4.192836569798628          
PGC3139171               G        S2        17.3040177  64.2932732  270.83651028037383   2051.3289680484804  20      4       3    1177.0              1.0008503401360545       6020.249345811011   5.119259647798479          
SDSSJ170000.78+612225.2  G        S2        17.0002151  61.3736923  -1.5464811224489563  1727.6451776841977  20      4       3    1176.0              1.0008510638297872       4001.904496731193   3.4058761674308027         
SDSSJ172630.22+615344.1  G        S2        17.441732   61.8955869  -846.7597101535835   3600.23207242003    20      4       3    1172.0              1.0008539709649873       9469.735631862028   8.086879275714798          
2MASXJ17160586+6344410   G        S2        17.2682804  63.7448534  -213.89624136170215  1750.3635574785962  20      4       3    1175.0              1.0008517887563884       4255.357141673096   3.6246653676942895         
SDSSJ172436.53+633724.6  G        S2        17.4101444  63.623455   -504.9034495748299   2499.635041120993   20      4       3    1176.0              1.0008510638297872       6049.684799232295   5.148667914240251          
SDSSJ172040.35+611443.7  G        S2        17.344541   61.2454835  315.8353210571185    1822.7218946541097  20      4       3    1172.9999999999998  1.000853242320819        4412.695421408685   3.765098482430619          
2MASXJ17043832+5946593   G        S2        17.0772847  59.7832669  -467.80139094790775  2060.7155815135566  20      4       3    1170.9999999999998  1.0008547008547006       4103.560867211258   3.5073169805224422         
SDSSJ172908.33+571901.0  G        S2        17.485653   57.3169265  3807.6424205957446   3795.331874195539   20      4       3    1175.0              1.0008517887563884       24761.525823666823  21.091589287620803         
SDSSJ173707.88+574832.5  G        S2        17.6188555  57.809047   600.7689946474085    3039.8458498573864  20      4       3    1177.0              1.0008503401360545       11066.895257337063  9.410625218824032          
2MASXJ17335884+5830269   G        S2        17.5663655  58.507273   617.8123442748091    7498.9030772185915  20      4       3    1179.0              1.000848896434635        38357.45286836555   32.56150498163459          
SDSSJ173938.64+544208.6  G        S2        17.6607315  54.7024702  -737.0459761054423   2010.7561581547322  20      4       3    1176.0              1.0008510638297872       5348.517163663926   4.551929500990576          
SDSSJ172603.07+602115.6  Q        S2        17.4341979  60.354408   143.5706777493606    1837.0190446853617  20      4       3    1173.0              1.0008532423208192       4533.651488917292   3.868303318188816          
SDSSJ172419.94+551058.7  G        S2        17.405543   55.1829797  -348.69478607266444  1994.307077174295   20      4       3    1156.0              1.000865800865801        5392.883022218421   4.669162789799499          
PGC059581                G        S2        17.0894692  60.7021877  -105.78084745331066  2211.005296810109   20      4       3    1178.0              1.0008496176720476       6824.9360560988225  5.798586283856264          
PGC059755                G        S2        17.1812619  63.6548056  -142.03663718937443  1755.741121838938   20      4       3    1167.0              1.0008576329331047       4538.247531462099   3.892150541562692          
PGC059909                G        S2        17.2463905  57.8547562  87.28480393498715    2223.136862230024   20      4       3    1168.9999999999998  1.0008561643835614       5322.889665925084   4.557268549593394          
PGC059917                G        S2        17.2461005  63.0102877  804.7022531678081    2070.6360145246194  20      4       3    1168.0              1.0008568980291346       4641.8983243959865  3.977633525617812          
PGC060005                G        S2        17.2877149  64.261175   164.25853745733787   1719.7102892092657  20      4       3    1172.0              1.0008539709649873       3875.264617098489   3.3093634646443117         
PGC060179                G        S2        17.3839356  53.7315587  -111.15429608510641  1986.6993885990742  20      4       3    1174.9999999999998  1.0008517887563881       4470.532411480612   3.8079492431691753         
PGC060399                G        S2        17.4990676  58.3974451  -411.9811336397059   2386.697309810041   20      4       3    1088.0000000000002  1.0009199632014723       3420.909209821207   3.147110588611966          
PGC060599                G        S2        17.6312984  54.060969   742.7545666094421    2151.622613797041   20      4       3    1165.0              1.0008591065292096       5041.803087292927   4.331445951282583          
PGC2816183               G        S1.8      17.0364317  60.9799861  -86.96303969465647   1938.6501132389255  20      4       3    1179.0              1.000848896434635        4823.92248757217    4.095010600655493          
SDSSJ171832.85+531304.6  G        S1.8      17.309127   53.2179385  448.87029104095564   2529.868979026742   20      4       3    1172.0              1.0008539709649873       6126.720492984371   5.232041411600658          
